977.283031458
1016.64813077
1016.9523006
1004.05590819
955.90276368
962.730586032
911.173225659
882.366703173
874.286502825
868.923349744
867.135320285
884.164845432
889.396482265
875.04463769
858.311060028
834.883719836
852.471577759
885.414051598
911.531200568
957.942396514
977.043277996
942.526397644
915.273980899
879.687603973
840.229226369
803.292867138
823.373829321
799.837997915
812.483860029
817.804229389
784.955693137
787.471976759
794.322732387
793.677275798
811.605873511
841.195713271
867.053267767
895.952130878
910.94252608
947.234023633
946.414543318
928.484613034
887.823538529
858.696217896
868.519362237
878.6246066
893.702330343
943.728958572
968.490548681
960.98550809
931.133635859
932.17427331
896.769275101
980.969878117
1303.31405844
2179.85006292
3785.61740966
6145.13510011
9242.79071966
11831.8902416
13820.2693357
14142.7142084
13243.7197455
11665.6386117
9517.33283791
7107.46954274
4612.49457682
2357.38809266
695.056207395
0
0
223.071756892
590.843716339
790.165361796
777.879277637
693.14188888
610.418748659
557.94741251
579.816870857
632.331479396
662.492896853
660.177061488
618.480738324
589.945844641
575.660061576
571.917875476
588.636704504
618.804712731
629.151545003
632.518973624
644.146727023
614.842745118
624.204366884
615.988944591
608.624175138
586.729061111
598.808576768
581.055692623
589.213435041
581.335678142
580.218638301
585.021196702
579.831032884
582.851080979
595.666383683
626.815508223
661.777422644
668.084551917
692.317442132
683.560902495
645.308174746
591.472109273
563.906658006
551.536280545
566.713753768
581.695790092
589.295222932
590.117467443
589.7189209
578.898606348
558.722832404
573.959015342
566.527666835
565.909675359
592.80054385
610.92087455
634.557811622
645.215172266
667.628239722
662.679276749
649.19617184
637.810930328
632.770816661
640.887196572
662.331196228
691.689230288
693.959052946
701.946274323
700.013903796
695.287411388
700.136648486
689.228726585
692.248212205
717.687661925
746.360044342
781.141832376
784.300414447
795.705375836
819.449496473
806.509005728
801.175802555
796.564576483
787.263007301
786.277971404
789.767839008
807.44025725
841.124896014
850.231613507
870.514732723
857.158216859
873.084931031
849.485177096
862.072079318
840.174580573
837.063170826
824.464133458
802.181754901
803.043357956
787.503588805
798.058741049
806.707287162
803.837154742
832.404652063
833.064040659
832.209280785
842.220171488
853.131825387
855.277066925
843.09209092
864.594105787
875.913477241
861.666636884
843.623606792
799.827474891
796.847309898
771.683718064
731.698673735
711.371163587
739.79793607
737.799608932
800.464446661
802.375488033
807.470633963
787.147391682
727.164131715
649.916506352
609.187766105
602.959151492
641.243037693
671.522698184
683.57430333
687.33370722
662.585294972
646.303417437
631.31194962
609.069033614
626.044632571
652.029558092
677.794014267
687.738306604
704.067679651
725.894107789
721.472387054
702.547608355
686.480010432
647.80194176
645.520078969
633.710658533
634.671742378
635.224707014
622.42255123
595.868969061
575.7830014
548.50662848
518.521045813
502.275431401
480.022245633
479.873040313
488.346362058
502.619662022
545.78513078
560.219151402
576.330118246
583.643852273
559.322955393
543.738451067
527.550688833
498.131790346
489.239014878
481.631309613
477.816999887
467.497840044
476.549723973
494.459888902
505.843845578
485.623590445
487.613175873
484.526322485
489.973474694
501.449914567
508.581311322
534.469819607
554.95829443
566.65816218
567.519055578
556.417302649
537.658016054
550.755378153
547.057113685
536.99484606
540.440411402
552.539352733
546.216652502
518.497934616
515.694293906
491.635366325
491.393332199
481.578049118
492.57466628
490.122842019
494.188636738
499.606266757
516.337802202
498.282037188
481.710639805
472.832892146
476.772424169
467.974461597
475.982884121
482.683706727
478.607770992
466.185223713
421.147875352
390.827830829
370.222742526
363.910633388
358.664322714
365.39408953
366.780424321
348.797570896
330.74254573
324.269923101
318.831671389
343.455418133
379.126165202
414.372169007
413.961181602
397.064642622
360.86426227
321.205772055
298.985033558
297.364915881
310.19066468
339.051661362
364.06503416
366.280335139
348.542453337
323.088141048
300.070850601
288.404203738
294.680307047
294.342170941
288.088612185
282.916222786
268.050336617
259.107741229
277.549296354
303.681286077
341.760333209
369.246386471
337.120383379
232.838020478
114.648246626
63.7649155968
171.731247441
502.92824883
998.548665443
1537.16192415
1957.01527164
2268.66344744
2259.68780887
2157.29166602
1910.28382423
1488.53979581
1028.24329386
580.783847852
238.796104593
67.4258068871
39.5010517007
99.3138122396
175.159200555
221.903298398
227.146104919
209.60401918
195.647030472
189.294097263
189.884019804
201.113731587
213.530431505
207.312835986
189.927072797
171.539902164
171.214471362
191.504711979
219.064862121
219.344915267
168.879529301
47.9153691629
0
0
63.959921988
524.458767415
1184.80786185
1901.00667446
2513.75665773
2894.05018324
2997.70551116
2751.93330458
2346.22259215
1855.62076793
1254.21036332
666.63922331
206.385377443
0
0
0
105.288402918
175.763574727
181.850292578
163.977124721
128.616063331
105.851937192
94.0232455817
92.1938507323
100.951968588
117.272401807
128.975907156
142.341379748
153.615873721
150.448724527
140.198561041
129.914582157
115.068164181
105.3806997
103.834161733
102.480315257
100.524135836
101.40475624
99.2832160977
100.654235241
100.293211312
109.452696215
118.480465019
123.915211114
129.103833113
129.851813752
125.489520882
115.698922962
102.452835432
90.8051139481
79.1704618972
72.1546846656
71.2818179815
74.2963594642
88.6166723839
99.6398693057
115.393775215
120.239178888
126.904618006
125.615067012
120.760681405
115.9677979
109.494382619
108.49842478
128.652904086
163.954772725
199.805186011
217.188826113
175.239436261
57.2266566584
0
0
13.6462875283
429.498670763
1086.18110095
1767.73301834
2383.21746132
2670.002479
2745.0239532
2643.10903377
2242.77648602
1713.42741373
1153.96257572
607.574830134
165.980708021
0
0
0
57.3935023639
124.546788512
145.139564007
135.265028331
107.871569806
91.2455325494
85.3416323288
85.1637923512
87.5691703814
86.476606164
87.2511394371
88.822908748
90.9092381739
99.3889271035
107.358225737
106.454967
79.4501182795
28.0771184417
0
0
9.13836474405
188.904950954
475.926275611
785.243866685
1037.12811438
1195.12017726
1285.14110619
1186.85670711
1063.44645147
832.655075882
566.436440615
296.362362462
91.8472401145
0
0
4.76220524199
57.754019644
89.995359342
91.330094146
75.470039106
56.1112016347
50.3874019184
55.5223803362
68.7849781905
80.8064384699
85.9351965752
83.0415657018
78.0425726093
70.6926518349
62.501885481
54.8895112903
52.0619629653
47.8903184873
47.3676483423
48.2944062547
51.0055282933
53.5363115479
56.4447841381
57.1002682753
58.9001896661
58.0602016632
56.5646072253
52.1304230553
50.3758013662
47.9858597588
47.9948737956
50.2302084486
52.447846401
54.54716154
52.8859692636
52.6823975455
51.3192758601
53.3128592127
61.7760965163
71.9239802313
83.7194935242
90.7781331723
88.0636225243
78.5570835909
65.5705421379
56.6178707643
55.9327898779
62.2719810656
72.7642387164
78.328654491
75.3823912268
65.5734650959
53.1338517382
40.2055006649
32.1621950235
30.3698604624
34.517160344
39.2284204205
46.4325391919
51.2447653944
55.4729570586
57.3748337225
57.0325897406
51.1156660022
45.3732633285
39.7132587805
34.248071452
33.4677034153
32.8103908477
35.6070282142
37.2634618086
40.5737756539
44.9225563994
49.1440012512
55.3203942013
60.2673408226
64.4959768551
67.0321937108
62.3714524768
56.3922933106
47.3237957684
40.7048021502
37.6980294368
39.2311941994
43.4966740112
52.4287124729
59.5194652538
70.0624891547
75.3250311328
78.7156887658
74.1668630194
65.8261767676
55.9325364617
47.5066859916
44.3150727007
46.1896332095
48.3113530852
52.7994496504
55.424955406
57.8799013809
58.3983624943
59.2931015476
60.8108812461
64.2762177921
66.9839550461
68.1123496996
64.824510092
60.1078010448
51.6756617114
43.1514250199
34.951511534
28.0174145467
23.0074611569
20.839463278
22.8953551826
28.511827419
36.8504306018
42.689832679
48.2337452676
51.0402826805
52.3346078451
55.8698262818
57.7690456316
61.5381013861
67.9948179983
72.0643878696
73.0886596004
74.3712988363
69.723016759
62.2615264344
51.8883108966
39.0135113035
26.6845972529
19.1241301845
19.934451428
27.9715312899
40.391383647
50.0804201146
53.4114485642
52.3542651312
47.6360991425
44.3927912577
43.3488669303
46.7218093535
53.8033960937
57.9028147915
62.0047100446
64.3751404586
62.9303036448
62.5734395895
60.3449564577
55.4612009704
51.0296087092
45.7748461026
38.878470531
32.2904660301
26.3855558498
23.8657245075
25.1126232842
31.4737421983
41.4982373383
52.1697873354
66.2313247302
77.8663775031
87.3377378224
88.9545391307
89.5329540367
81.9915858465
73.8295042271
65.6971963229
62.4111988874
60.2897911685
58.7066304003
55.3072808963
46.9095303325
35.2941207638
24.0030349312
16.7833523686
15.2909235016
21.335871789
31.9453230254
40.5087793677
47.9199143636
49.8551296953
48.2150239143
42.7234974462
36.5510351602
29.8331563451
25.5531169586
25.1239307463
31.1044837791
40.078188154
52.4623308245
60.4030108108
65.4569532733
61.5184818434
54.0655316024
46.928081531
42.6221762156
43.1901279461
44.3537859768
45.6898161192
47.6424352129
46.7687956114
44.6271014825
44.4004783236
44.7181991874
46.2840733047
48.0405855836
49.1776627882
47.7262253653
44.4642370371
40.426631087
39.1000174235
39.2333982442
43.2326809027
46.1993709907
48.8653295445
44.7494987406
37.2165832893
27.0111043877
17.0117530484
9.93761365733
6.07663678423
5.0177117081
6.02566592901
8.3037734912
11.1968584753
14.1208139479
18.1377651895
22.148626098
25.303751955
27.7714550066
29.8588562078
30.7865130693
30.797585982
31.4993041293
32.387790521
34.9066386814
37.9222438735
41.6227310759
44.4985423448
43.124274276
39.4078954965
35.476179248
32.7708557123
32.2180926808
35.6555898598
40.8235573501
44.4833565978
47.9145717743
48.8068486258
48.5127615303
48.0312861052
48.301902627
49.5412596549
49.5483761605
47.7281982707
45.4716806247
39.4034074352
33.9417028379
29.435754894
25.6861151388
25.4513920073
26.0134835747
29.4646010923
34.0584813928
38.4076228187
42.41509552
43.4530347545
39.6405469408
32.0335954368
23.7793226415
16.8203521873
15.0432992958
18.8586138463
24.8604484077
32.240689756
37.1180906592
37.2003042799
36.5083616006
32.302489288
27.6711886919
23.2605281137
20.6429288033
18.6619416781
19.8456831064
22.9593088064
28.2383865568
32.3645188673
33.3385236585
33.0010512757
30.1796682412
27.920248457
27.237801964
26.6733455798
28.4346911723
28.5691951313
27.607329418
24.5667846832
21.5259124256
19.62927631
19.0482970996
20.133463308
23.0677659614
25.6347565394
28.466910312
29.8916407973
30.6930777508
31.0630632655
32.2900371603
33.1820053792
33.7032495305
33.8372326699
33.5803498159
34.3732484221
33.9048704309
30.7333002244
27.0824203174
20.8341439745
15.7119436838
13.0087181029
14.1501914227
19.9855526186
26.0559038174
31.3169138303
32.6967272403
29.1676703241
23.1833158699
17.6783438446
17.378883769
21.2629035419
27.4284453205
32.1293825138
32.192785449
28.7552663475
21.8638046948
16.0356828164
13.6491869754
14.926244905
20.2525047346
26.9947537462
35.7034928397
42.6282351288
50.3561028742
53.2222773749
50.3448246523
42.7495950237
34.2798725982
23.8303059846
15.1932375594
9.86088100789
7.89209672917
10.024396684
15.4225926386
24.1190651374
33.8580906273
42.4674307516
47.900495623
50.2121500316
45.9444796633
41.067580363
31.0374708436
20.6773410684
11.9343861386
9.34874782306
15.7098358421
31.0364903347
47.7640427031
61.5085804312
66.1979101027
60.6956369402
47.3930277436
33.3088641358
24.371314097
21.2296207767
22.8246232443
27.9369749035
34.885903138
41.5316002693
48.5081730357
51.8137202903
55.1590817466
54.0310477636
50.4194619199
47.7091802422
43.6886044449
39.6475137333
36.6221774082
33.8629701617
29.7093605324
25.0702853841
21.0393450806
18.0399359368
15.3732951132
13.7827977243
13.7949364039
13.5271693877
14.0236054895
14.8399000354
15.9104788711
18.4134626105
21.3229166356
25.6745643182
29.34908579
31.2969305999
32.1316937854
29.6748096917
26.0434700104
24.8990320668
26.7226134815
32.3932657392
38.3139306157
43.3968211116
42.2277967971
34.7201775583
24.9763817224
15.6311928728
9.488707998
7.62545001273
9.39574281695
12.5648402249
16.0896770047
18.9026519636
20.8936142892
21.9365368262
22.0006493864
21.0628802906
20.1218914245
18.0476938781
16.5432252325
14.4818675142
13.2839189269
11.7528501537
10.8102789334
10.1489424952
9.77822088471
9.81419724732
10.1318089624
11.0758444509
12.2138583939
13.2353524508
14.6369692631
15.9539338361
17.5275685322
19.4320268747
23.1294337094
28.1564028468
32.8231383511
37.354210082
41.4752749352
46.0987808892
47.0031678004
44.968868379
41.1747627909
34.5615563835
26.618261837
19.7857189378
16.0903514232
15.5399637764
17.110107537
18.9490724393
18.410399147
16.5798059289
14.775853425
14.3917087041
18.9386783016
27.4653965215
36.9113965449
45.1782557571
46.8698123922
41.7010945879
34.0958906439
24.5014053788
17.4679523936
14.5731460407
15.5017263409
19.0187123194
25.278751872
31.4392164627
37.1037140012
38.8292458138
36.5209608452
29.627828626
20.8234103259
13.8033807803
12.2434808462
16.1836581795
23.3851231166
30.8167895007
34.3980415933
32.9050912818
28.1694083108
22.8266112349
17.6107067474
15.2494490349
14.6012213977
16.1891769989
18.7709537027
22.3177107674
26.3251392872
29.6679769511
31.5049261136
30.6065267601
29.1284841256
26.1248525745
23.3788121183
19.8730751622
16.3744789962
13.3997775259
11.3079649212
10.4075207323
10.5464951221
11.971075822
14.6707925431
18.9960009457
23.8351693038
27.0166219966
28.8557104322
29.7767522417
27.7787136989
26.2178982662
23.3978801336
21.3844568037
19.7522499122
17.8061939141
16.9358174219
15.4614732219
14.4381945788
14.3008306534
13.8570188887
14.4902997794
16.846645772
20.9692717306
27.3802325879
34.7329146509
43.2605418026
48.6777808844
51.6025872234
47.0096490601
38.8160945483
31.0209168684
24.995213929
22.6668290917
23.0175266046
23.749506152
25.344860373
25.8010616165
24.2637917626
22.7036418841
19.3798904781
14.9004772014
10.5076553923
7.49103655274
7.14019977712
9.64145493894
13.5689348539
18.0715408577
21.9715909704
23.7823181329
24.4152512711
23.3693711406
21.3570852167
19.3931483737
17.723864089
16.852249981
17.6228886922
19.8736247414
22.9485936193
26.8446932944
29.649418374
30.8797175035
30.7032977258
29.1828566075
28.0365789786
24.8490136804
23.1675321756
22.922976889
23.1673604454
26.518862411
30.1444998221
33.537299416
37.0361270818
38.3739710687
37.7842747072
35.5821440469
31.0828399306
25.1520625028
20.0234936523
14.5101236983
11.3475339619
11.086652944
12.6476867385
14.9911699051
17.6134459443
19.8137447181
21.6550239006
22.5230129932
23.8494581874
25.3665370204
26.9957325961
27.7366234827
28.9329140756
29.9059019367
30.1565281117
30.0530390392
28.4164142853
27.3225786422
24.3625838961
21.5825899918
18.5913778313
14.8844628969
11.9758629831
11.4968608087
13.6030316567
19.3991591772
25.8310306054
30.3509846063
32.4605434017
28.470482569
22.0065126388
14.494809962
9.37914808396
7.19011290277
7.34057856868
9.09141381447
11.3296808443
13.11328989
14.3379002588
15.348087515
14.680128974
14.3803986357
13.2986945809
14.2424343464
16.5564936954
21.788962796
26.6267408384
30.5674383636
30.3533261442
26.490899961
21.1778531942
16.0350583241
14.9372888398
19.1808101323
25.3965496225
31.2827168422
33.433447024
29.1675300253
23.118875784
16.3796880123
11.3789791734
10.0944690074
11.5410114507
13.791206527
15.3187713192
15.1076738641
13.676626447
13.5067748516
14.5200174242
17.714582648
21.1105773924
23.7512693061
23.9109453561
19.8464812334
14.7500051905
10.97047185
10.3937781765
14.1995144003
21.2746172158
27.7640023602
32.629347746
31.9648900111
29.6236856446
24.9392905592
21.1229146255
18.811811112
18.1568911068
17.9931085668
18.0792361852
18.4176301182
18.9179929683
19.3765832582
18.6322221153
18.202274699
16.9478663591
15.807332909
16.311944436
17.5208768846
19.2894322732
21.4039589991
23.5006913152
24.5196677043
24.6666207994
24.5203480039
24.7759535972
25.4863925936
25.2452061766
24.0149702115
22.6970685613
19.876855033
16.4800191274
13.5577103242
12.0341805059
12.0392681516
13.8922735058
15.4659261367
16.9250686409
17.3218394996
17.4208208115
17.2778781577
17.2165353531
17.7083712185
18.8173560533
19.3282958482
19.1518780699
17.9489853746
16.824035966
16.7689796575
18.2773042026
21.7856638323
25.7489750492
27.9229080136
26.7002844357
20.1525865684
12.5633589487
5.38602806046
3.03314483462
6.78106148266
13.9925525239
22.1015056602
27.4759891982
28.3407353531
25.0649827256
20.0016399616
14.6878149143
10.2305944748
6.78651330503
4.42883661151
2.88204458219
2.02904924237
2.24084275595
3.86215277983
7.50067821372
12.9326686414
18.2980939257
22.8376542943
23.9832060738
21.4382672925
16.4176890341
10.7935324077
6.81528688148
5.41645988382
6.09496009509
7.85481284448
9.09561860129
9.36718365019
9.44362546865
10.0405226688
12.5011324326
16.5138344129
20.7942272737
24.696964674
25.2654744704
21.3918822796
16.1992988964
12.6625660839
13.0972514868
19.120188902
27.5831573017
35.9448647879
38.6353216427
35.3341691747
28.2567945369
20.0436243674
14.8071946608
15.4303762591
19.2520449557
23.5131531711
26.298888878
23.7914244718
19.9573564435
15.2446395677
12.9828050065
14.0170421391
17.1234258889
21.5370229609
24.6921285579
26.3453241585
25.9643858475
23.8121618263
19.8072652404
14.5903549301
9.56818619519
6.15884751286
5.99103484446
9.87162381407
15.0054629333
19.8728640954
21.6886960072
18.9944630737
12.8058784308
5.77197361933
0
0
0
0
1.24444968247
6.56403661859
12.1297737127
16.1496602431
17.9719606825
15.7843453543
11.5215389186
7.12524161971
3.95699976508
3.5902187437
5.36576558115
8.01085877334
10.1033528145
11.0970109414
11.0831200365
10.3895116098
9.96492171241
9.7305842976
9.97895402167
11.0160264865
13.000958998
16.3093177932
19.3036127443
21.5433102853
21.0536756205
17.6467426359
13.751646985
10.3524723127
10.1636512166
14.3699564244
20.829707047
27.030616063
30.3701653875
28.7935140126
23.6530598865
18.190097796
12.8394590491
10.5751010854
10.3268563901
12.2491899588
15.3699043123
18.642780439
22.0168807336
24.1403634443
25.1506442762
23.6580429927
20.5140331933
17.3990498589
14.9302937093
13.8579573186
14.0232474108
16.2713540256
20.0805625775
25.5258488043
31.7317788295
35.5353258172
34.38911579
27.5493495405
17.8672290519
8.64872392479
4.03713438207
5.82669636622
12.4289406453
20.292433993
27.2953220661
29.8275671986
28.3373559977
24.46537844
19.8431832078
14.7883427041
10.6979445225
8.81863294601
10.0773998589
14.8806620722
21.4468138405
27.5671365822
31.3762039589
32.3819221533
28.3316123462
23.4419660224
18.6362037371
16.2923659948
14.7551084802
15.3057815387
17.1889565326
19.7208245036
22.1162654183
23.1710400448
22.5782959596
20.1181766786
15.1332215317
10.5888763248
7.91975725684
8.58646187025
11.3442795522
14.2863110483
16.0645094889
15.0697998826
12.7338874133
10.6442873778
9.81722530611
12.0190160122
15.4729646695
18.1436548742
18.6895049772
16.5452358792
12.0393766387
8.82228955794
8.84952650054
13.9289818005
22.3614045964
29.0817050009
33.4226301033
31.0026429961
24.7516082571
18.0256661574
13.878125827
15.7820931636
20.3848021311
25.1968267754
28.5286031636
25.4670328102
20.0022697288
13.4128360107
9.1048647645
8.88213587138
11.5963443135
15.178918384
17.7259053673
18.5347063395
17.4890373741
15.3017714328
14.0191886452
13.6528344495
14.7051144591
15.3698004913
16.2779937585
15.7655415311
14.7072035248
13.4749339445
11.9597076102
11.2063951203
11.0668839025
11.3657694094
12.0087187605
13.0368219099
13.8005051643
15.0541458768
15.2467925661
14.580573761
13.2354033987
11.8516572266
11.0385957903
10.6045160996
10.363106154
10.1409980914
9.26183770305
7.11411591025
4.82688687977
3.49386385108
3.84620862318
6.72843636294
11.0702998724
15.0346975156
15.7974148074
13.6526192778
8.78877998805
3.55925875313
0
0
2.59104129972
6.85742137198
11.5003983024
15.6849813464
19.6349085887
21.0173372338
21.9390044774
20.7859686426
18.9459965649
16.7229174864
14.9407485284
14.6242861019
14.939236789
15.4241107331
15.2546085106
13.1583710041
10.6608260356
9.16765368872
9.8331226464
13.6888103948
18.9017595208
23.4762556091
25.2445961145
21.8119592244
14.7330151486
8.28223867032
4.0603826374
4.93495940133
9.61474419092
15.7865664759
20.8610775387
22.3371653541
21.8055651363
19.2827108432
15.3454651291
11.0357742355
7.41156981234
4.19232836934
2.14764372856
1.62664006303
2.43858960242
3.92165569824
5.70584919926
7.47754831603
8.99319144207
10.1904699554
10.9001933991
11.3765619869
11.4541759387
11.3360477981
10.8620931537
10.7254699773
10.3049851062
9.87834911646
8.97823696687
7.91099912952
6.564488327
5.51541287279
5.00874935728
5.43641024334
6.33755195752
7.41055597779
8.08348002842
7.89149980398
7.49529484443
7.46595000558
7.83549465638
9.36848466232
11.514844042
13.6336208997
13.7986424608
13.0040803099
10.5434229547
8.28470720866
7.14020268357
7.79134412356
10.0638134533
12.1306278702
13.1688372745
11.5171143586
8.71292832355
5.73804530563
4.10948795109
4.5963547586
7.20767428195
10.7522806892
14.7580168054
17.2368597848
19.4981662244
21.2524273154
22.1810019612
22.5190745931
22.2557564917
20.972137969
20.2360884047
18.5462587314
16.2978863659
13.3742064544
10.4884725654
7.04327465493
4.30100590397
3.52174324952
6.13461222353
13.4326487637
22.5963314146
30.1325669471
33.5923636981
28.7668286892
19.6355380985
9.66960963074
3.35632823468
4.26384047943
10.4011161983
18.4579096504
23.6484122257
23.6934474497
18.7416718582
12.4802183319
7.5853581345
5.83688990986
7.08372483465
9.21851784631
10.7786554762
10.4296226098
8.6660146421
6.61577187028
5.95565667707
7.70609934799
11.6537764667
15.6215097068
18.92402813
19.6562751102
18.6272406776
17.4168766365
16.2367822441
16.3655935923
17.1295089579
18.2337875098
17.2430520944
14.2821657268
10.0550661935
6.04528172054
3.21908173676
3.15652670264
5.90907832304
10.7658025
17.431904981
25.5469677865
33.3779094132
40.1684787232
44.6499709036
45.6554000339
41.7324089772
36.8021434139
30.8945353275
25.4101779183
19.4509232455
15.1002390074
12.076690561
11.7466250486
12.5647825122
14.4142257362
14.7778369765
14.3967530618
12.492226535
10.5552868371
9.0838856049
9.15817544833
10.905924935
13.6086010564
17.3772644512
21.217311734
25.3636064819
28.1076371098
27.5977107483
23.8508786581
17.6390940784
11.8361827167
7.34311450507
6.93636728326
9.61865059752
14.208746965
18.477705995
21.1072604608
22.3595890688
22.0930311114
20.5583028345
18.0550139478
15.0299270403
13.3089086952
13.3570554763
16.25155614
20.6704194822
25.2699968892
26.6228446383
24.6794030975
19.9592824866
13.9920509181
8.69020526429
6.47329984542
6.96534344209
9.79934739032
12.9512895857
16.992531032
20.6663880249
22.4797678378
23.9303203585
23.5453440212
21.8758295274
20.3432340321
19.9155423135
21.2136791828
24.1786640959
26.281474224
27.6846280465
24.4246356463
19.3418407615
13.9102582586
10.2118346797
10.2453251534
12.950754604
17.2237545826
20.4542991104
21.6495387998
21.8124572899
19.5505988559
17.7244387265
15.3363656433
14.1424786813
13.4612254164
14.5084991904
17.1277898354
20.7097089938
23.9507973857
25.7090739717
26.0170105023
24.0826106525
20.5146096307
17.9974878902
15.1374025043
13.7634778141
13.1101622459
13.0882691096
13.021285458
14.0763170546
15.4644990915
17.0333752257
20.6118807683
23.4659646097
25.1122697678
25.418586632
22.4138106806
17.9913363425
12.9999643641
11.0940950942
12.883751324
18.0486417111
23.5760515454
27.2160049208
25.6343997072
21.2887064349
14.7913554964
8.46776699401
3.74813565738
1.34169465364
1.38022510622
3.90824136601
8.88589341099
14.5375629429
20.2248550388
22.1866706709
19.912864913
13.9585937997
6.82085130263
1.02463504872
0
0
2.7095693517
6.19499887776
8.70920287451
9.86785644318
10.6050281652
10.0986508466
9.52896021974
8.59982362962
8.26089004677
8.82852327801
10.2341503893
12.0675900202
13.8811990345
14.4003887716
12.4409022227
9.19039012058
5.75923654422
3.39844994379
2.9803152603
4.47276126017
6.82189436558
8.67739842219
9.14998241868
8.45582256735
7.70261559953
7.61232233752
9.45541365413
13.1904291057
17.6002413935
22.406568781
27.4565553817
30.7609386439
33.0137085983
33.3321815166
31.3738353959
25.7193325532
20.7496577846
15.2506353834
11.3811936202
9.77425228717
9.45907063536
10.5196266629
12.8932813665
15.4008032053
17.9622047422
18.760681058
18.4257996109
15.4664984176
12.0215154643
8.15454515081
4.54930301934
2.13551668087
1.112602764
2.13321093794
5.75248888896
11.0646276446
16.7511133591
22.0959766522
24.4999653203
26.0703907959
26.001597512
25.7694307831
27.1397340446
28.49017553
30.3740382731
31.1537696473
30.2304722735
28.2767108999
24.5799497646
20.8781326204
17.6256898191
15.1990146973
12.6212255064
9.8512336891
7.13893468192
4.95901817668
3.89258616694
5.10739647853
8.95108781081
14.8478523513
21.1088560157
25.2648768048
25.611015696
22.8004701672
18.3832919716
13.7613882561
9.64052730318
6.98237859266
5.48887774259
5.0687786636
5.23680455842
6.18358920435
7.52178627044
9.93344540927
12.9977764636
16.6877360147
19.4272571592
22.0347195172
21.5584722091
20.5125840997
17.6002074181
15.9382129841
14.0598273932
13.8644653236
13.5214458093
14.112785985
14.0976978294
13.9379439119
13.6693078698
13.3380893757
12.6557295303
12.7110698285
11.9898407441
11.2469955443
10.0618193666
8.83745945297
7.67065149101
7.7675770975
9.15690489033
11.3978035845
14.0425190337
14.6661126268
12.228594892
8.13666417194
3.48816607018
0
0
3.33492362176
7.12535341413
10.4084535985
10.933758225
9.4885497602
7.32484025883
6.10415479794
6.91877571226
9.78146245573
12.7950856706
14.6571844479
14.0278161116
11.0858373834
7.52298302845
5.20594038145
5.68496176072
8.33571797252
12.4443303767
16.0854828481
17.9626464536
17.3816497558
15.6116216931
13.0643060084
10.3087238174
7.54771237491
5.98520685764
6.18166209671
9.0361287013
13.8810499418
18.5556483545
21.2659084097
21.9261612466
18.4378522009
14.3252672568
10.0347397883
8.02051558338
7.77622205651
8.34231970112
9.16405978418
8.61117064025
7.2988239357
5.58657322236
4.26243497184
4.07092132555
4.82776237926
5.77425304913
6.33068123724
5.27679021496
3.24068238529
1.53629981394
1.38679596216
3.87916644243
8.68892269403
14.3594526524
19.0055850912
20.7084823508
20.5919590535
18.3949313691
15.9293410614
13.7054713066
11.9476212693
11.1195222857
11.1539280699
11.1394437699
11.6221088151
12.3473369678
12.3918157429
11.2311029607
9.93821495188
8.76500636315
8.72475408803
10.0547481426
12.6884067458
15.9397403826
16.9334619969
15.8213904995
12.6523668203
8.21317226902
4.25013338068
2.03932864396
1.86390429687
3.13515167599
5.15342956168
7.05806816841
8.86974588704
9.9133701775
10.3916988155
9.52360227433
8.00182045921
6.38495850435
5.12029520514
5.10585327228
6.38891893857
7.80707138784
9.46181281341
10.4028930035
10.5606307569
10.3881106276
10.0850220942
10.231223571
10.559672812
10.5280173943
10.3737536105
9.40530634653
7.5438290272
5.80201701772
4.38885602866
3.9293465395
4.36554661493
5.33843697873
6.44702982918
7.39962720539
7.82365274646
8.33939398829
8.76021322619
9.59159540614
10.6740405838
12.5659028561
15.4742802959
19.4497978781
23.127213933
26.8145122218
26.6502685548
23.454236897
17.082428483
9.00874308752
2.78527037744
0
1.03323427961
3.75757346587
6.44599011029
6.89826546756
5.22640823169
2.90856505154
1.16711444924
1.50538758115
3.99803648767
6.9136174006
9.5495058382
10.0963286313
8.30696906917
5.97101043706
4.23894905998
4.27652617012
6.1031372119
8.56628985762
10.9970657741
12.7630907754
12.8561234551
11.92157188
10.7125045137
9.21191331323
8.45437878169
7.6192699955
7.85995669416
8.5604443009
9.78981730249
10.6500470241
11.2608818669
10.2681433309
8.26769411844
5.72174162411
3.67803053088
2.69748897344
3.29580890274
5.4462692133
8.7320483892
13.7314546794
18.7958470013
24.4680197387
27.2733560329
27.4353801374
25.2520912227
21.988970775
17.4785684517
13.0339912014
9.6787199536
7.40130913331
6.16057023828
5.94309715907
6.89943405821
8.39930914682
10.8416541166
13.3910627625
16.082589883
18.2904009688
19.1848155829
18.1996019855
14.9981334871
11.5407735162
8.62458805105
7.80135882631
8.73597441585
11.354834707
13.5597813647
15.7228518674
17.4220901168
17.6950621617
17.7089756563
17.8617373288
17.8394443512
17.4699015665
16.2625227941
15.6558017194
13.9881661674
12.5798129946
11.6712918897
10.5437119864
10.0784752992
9.878866018
8.95889145079
7.13636552414
4.73883559108
2.95297917815
2.96733750337
5.78798244829
10.9027737073
16.9735161227
20.7810146356
22.3038379521
18.8069915385
14.2423915887
9.10405162919
5.46505891731
3.81428815352
3.38826323094
3.74717850744
4.16572720388
4.24721959813
4.16924811683
4.10492924176
3.91361617644
3.95728303007
4.61174200264
5.8091405632
8.15266830277
11.2471905355
14.0949639743
15.6688904769
15.5725005161
13.2369392954
10.0936937684
7.08357686064
5.62065636239
6.24984727998
8.48444545674
11.5306396162
15.7599147477
20.6957279534
23.5122031641
24.712750028
22.1512666882
16.7794675945
10.1913222737
3.71139695102
0
0
0
0
1.86752144713
3.81863730868
5.53812423444
7.07108228767
8.68277485077
9.93865487334
10.5663295304
10.5797290543
9.64752252953
8.00689540911
6.96152431323
6.98444895318
9.30227971083
13.4518488366
17.4833241699
20.9120864267
20.1443260132
17.1551721402
12.2552979135
7.80670031067
5.33865515937
5.55776724042
7.4628896227
10.5430320779
13.236715474
15.0241625995
16.1846285113
15.6374076055
14.2018881149
11.2571868802
8.55473467477
6.87483691864
7.57000766889
10.4433637829
13.7082410895
16.3888543194
16.4463328306
14.1151105559
9.77860185557
5.31908303902
1.64635298453
0
0
0
0
2.73774882871
5.20976165229
7.60980132778
9.74804227158
11.6170430837
12.5194790924
12.8310752735
11.412207882
8.75460312223
6.63836945433
5.0932676074
5.48356042241
7.77590493288
10.4476885715
12.5560120806
12.3981240926
10.4410087904
7.37455879965
5.79165716759
6.96155087444
11.5043027646
17.2815670197
22.8868776797
26.3290272685
26.8538738602
25.1121301173
23.3323145477
21.3044566785
20.1888869859
18.906500508
16.5137437195
13.6552751464
9.02014427358
4.54994855306
1.07357003133
0
1.0162036755
3.67706598968
6.41546964262
8.72434630446
9.53787030019
9.30046107732
8.66105227558
7.77182824818
6.61568803772
5.93734147788
5.7899067507
6.24520690646
7.36369343557
8.66922251186
10.1550007102
11.3529501359
12.2005025623
12.7135357826
12.4664422383
11.3561172425
10.2088206448
7.98920020112
6.19567425523
4.39875692649
3.09968914187
2.33735359561
2.40026441741
3.48676915044
5.50671745655
7.97983254941
9.94768159339
11.5015411149
11.8995318388
11.3618061211
10.8714438152
9.65113058051
8.47218150225
7.15849316283
5.97529404018
4.38606374673
2.95359150234
1.57943596266
0
0
0
0
2.29954907748
5.13777409172
8.83618821718
12.133160814
15.3926738403
16.2100829124
15.3428712527
13.2154763243
11.0841826107
9.73316544089
9.17369531159
9.64589525452
9.59561067153
8.53523740293
6.67289628276
4.68055612417
3.1760594284
3.25599948266
4.83118437446
6.86151426071
8.73654549325
8.89976084704
7.41298758404
4.72059353595
1.69250362323
0
0
0
0
0
4.23192506857
7.93495657304
11.2273164733
13.8234066906
14.570965451
13.6214898733
12.2045700834
10.4487081145
7.90215084295
5.88678067078
4.42643655286
3.99329082857
4.94303194655
6.65856546879
8.62829948692
10.4689448568
11.8477171532
12.4258419269
12.4952143008
11.890596187
10.6179162306
9.46424708037
8.44519681175
7.87951886282
7.82256303308
8.38825473488
8.66539578805
9.21411276793
9.15239640829
9.26026142726
9.67799807379
10.2227836981
11.3102250136
12.6827918287
14.0068429371
13.9840258186
13.4234580203
11.820644148
10.2838427027
8.33714313524
7.02705002194
5.97102156209
5.20934787442
4.9343596537
5.3170537578
5.71938475143
6.15792866349
5.88467311285
5.00177160298
3.74926610723
2.56960998449
1.81979358492
1.78145166659
2.53605685552
4.31523760977
6.86169582401
10.2367155237
13.5636310453
16.4129959986
18.2094604623
18.4151223836
17.0882886487
14.9498255223
12.0746958203
10.0776515727
8.16722867665
6.95414243099
7.18863500623
8.48372056965
10.0594582589
10.9694506084
10.8182514922
9.04530173454
6.58314445101
5.13085164449
5.38609492045
7.78653379248
11.4727181229
15.2569406305
17.2389073083
17.7306864337
16.285433872
14.0388279296
11.1545514897
8.43442609391
5.95486698333
3.97060461543
2.74839837926
2.49894324899
3.04852297674
3.99132560882
5.4412327665
6.86887646901
8.00105610859
8.31002760836
7.75570090141
5.92022503345
3.86433259276
1.86695451232
0
1.01732787347
1.8082872469
2.65483981084
3.01226118301
2.45315921607
1.64831543994
1.0194317635
1.14945357213
2.12556568043
3.39496931288
4.14365828742
3.72829150012
1.99747051838
0
0
1.8721910732
6.83987996531
12.9206974886
18.5329754268
19.8279819512
18.1358703402
12.8248582635
7.5897158607
3.08784819389
0
0
1.56058759374
3.50867938509
6.03148867941
8.45793001615
10.3398367451
10.8609793669
10.5630178852
9.1115057801
7.5601722938
5.51608742474
4.04839604785
2.82591311803
2.19302282379
2.04359264615
2.43804611671
3.32001622117
4.67726454654
6.2908833236
8.08538926947
9.80821793301
10.997055658
10.7058004557
9.63987802417
8.14876945496
6.76731692475
5.96622029002
6.15055766635
6.57940170718
7.15944376962
6.88291390203
5.5077854525
3.57281841052
1.91049626265
0
0
1.65217801116
2.53047327532
3.0245925925
3.03555762681
2.81435814761
2.71138597421
3.13072035084
4.19190426951
5.24983876809
6.08354192713
5.84437748809
4.69399110686
3.37625830291
2.5837704433
3.28645974743
5.66056993075
8.70538317809
11.4610987903
11.7653364326
10.0338679249
7.34020564899
5.3831775575
5.19784902469
7.95342775952
11.736464221
15.3315900171
15.9227533047
13.5278563913
9.04280136053
4.03962938413
0
0
0
1.23144812946
3.42794687915
5.5140150758
7.47277128561
8.48754449133
9.07671285247
8.28254189091
7.24622988496
5.97094420321
4.76485165155
4.35135043663
4.37013100908
4.7293856513
5.05283738241
5.40615858193
5.41516429634
5.42761849117
4.85235499834
4.22733068514
3.78309117935
4.31363047492
6.39548701485
10.2514816949
14.4619921056
17.4313058871
17.9180557628
14.5378671312
10.4384801502
6.37720147852
4.99977069727
7.4171303043
11.7622821208
16.3126328403
19.110629142
19.0975853189
17.8713495237
16.5043143358
17.3518292847
20.2646394688
23.1731966957
25.3774444619
24.1614734918
19.4880533423
11.8494769846
4.44150462314
0
0
0
3.11766811764
6.59222942102
9.01660022182
10.8341381713
12.7111049047
14.4904574677
16.1954070423
17.4349473084
17.6278641301
15.7156974043
11.7285835593
7.29459743452
3.49746609975
1.98247638673
3.37400875794
6.85704187999
10.6696104888
13.4724226983
14.0008316228
13.685968751
12.1836820182
10.9704519269
9.71452920054
9.02897711949
8.41689194397
7.96162976762
7.53394330297
7.09628476108
6.58857476944
5.90346010393
5.51098166749
5.43035676999
6.59172200057
9.37139778958
13.8416467889
18.2774139228
22.0656306906
21.9118855075
17.8305100478
12.0702841045
7.29803624692
6.15898795031
9.5632356553
15.8983743718
22.2368179611
25.268232329
24.0179333085
19.3008306009
14.0572155035
10.531490064
9.89528180657
10.8548341932
12.6022200575
12.9032611398
11.6139539161
9.1484561938
6.38560119152
4.89910093693
5.14555190082
6.49856873481
8.80079125601
11.1234920672
13.3590539687
14.8585684232
14.3034871201
12.7499240511
9.12661221441
4.67247005368
1.19292835607
0
1.9771785116
5.83197460031
10.1907578976
13.1655043276
14.3341021355
13.9997545353
13.5222982348
14.3561255627
15.8893066948
18.8885210705
20.0547607815
18.7317772668
14.4501116326
7.98571783072
2.63463316084
0
1.28822984749
5.09298593349
9.2455224613
12.1167003378
12.0772006158
9.71065812246
6.91133117554
4.86340947578
4.7051671662
5.53503061165
6.54591008481
6.91416180611
6.19099743513
4.67824289471
3.3760352109
3.06223974097
4.28798124133
6.54189522358
9.5076127997
12.1579741768
14.5133034851
15.6291237889
16.5781552642
15.736522964
14.2205173079
12.0238594312
9.52612015773
6.86944294641
4.54647364227
2.67227220622
1.17011487245
0
0
0
0
1.16051046683
4.36134984011
8.27054304142
11.556968717
13.0858352997
12.6110750674
10.6883722258
8.47679735787
6.94059355105
7.03222765688
8.36098295316
9.43306430076
10.1752816045
9.03254646043
7.67693863562
6.230084781
5.94560410996
7.33941008826
9.36724264612
11.3422777763
11.9159114494
11.1465221865
8.97208323372
6.59284114885
3.84925317109
1.86543450577
0
0
0
0
1.81741968993
2.95041001752
4.04241676668
4.75792420785
5.05484840632
5.07343394792
4.92571050447
4.79303497891
4.46398385895
3.9325521198
3.01401037793
1.75792611132
0
0
0
1.35484440073
3.34339052222
5.15329125024
5.94543207668
5.56275272612
4.45882706571
2.93640120704
1.9879784749
1.96170422967
2.58537219119
3.45165748726
3.97375103865
4.01911286228
3.4233338801
2.68216006235
1.99662286122
1.56914739773
1.32603084376
1.17456235725
1.01482813741
0
0
1.39413658591
3.07106412943
5.8383940578
9.53846322812
13.2327340782
16.3198433622
17.5567905249
18.6227799623
17.6389846549
15.7134809742
13.3940071391
10.3636389673
7.34228672355
5.07731823766
3.58736370765
3.1870859425
3.70131927002
5.08122886472
6.95500933765
8.97479750862
10.6020714295
10.8654888962
10.0277297173
8.12178396066
6.05056402288
5.04620769217
5.42538076001
6.75859539915
7.9789453719
8.15549415205
6.6648050004
4.04984013097
1.61512967741
0
0
1.00417402834
2.56496663847
3.99187630396
4.77537309936
5.0809914897
5.34021035077
5.92475902762
7.27608673097
8.98653388472
10.4777386406
11.0092500899
10.7725542705
9.50310308778
7.59746252347
6.05269442185
4.66757188002
3.6649557423
3.04218134632
3.02682271951
3.421498446
4.3911506698
5.5628217082
6.92901110566
8.19153785845
9.56746669061
10.8333811196
12.1167873266
12.7812232133
13.2190681825
13.768038881
12.9324177665
11.6928845141
10.0353372642
7.73435224737
5.15122840481
2.62684829984
0
0
0
2.18804600122
5.14920209842
7.81174468366
8.98033162636
7.74591615563
4.83536524507
2.11856004767
0
2.52133856809
5.98219294633
9.85624418327
12.8167732452
14.0444765989
13.3379814672
11.4745353859
9.14392912
6.39669520631
3.75118568859
1.82015028545
1.01138837597
1.52800847484
3.02252190194
4.66883806998
5.96676091115
6.30112846294
5.63947233835
4.47312985022
3.07945351171
1.78746005346
0
0
0
2.49227826492
4.41230782157
6.0897099618
7.03850437076
6.38044968058
4.65631524953
2.9438935572
1.9970970944
2.45490022925
3.86595237666
5.46093403517
6.90222730245
7.45487311119
7.19824665496
6.62261736313
5.99810897772
5.79609097477
5.60528183618
5.81178018571
6.0560743958
6.19634377973
6.08595381104
6.16944527222
6.05242147518
5.78465086455
5.48482002734
5.19997871026
5.00463377667
4.8666798062
4.77829079295
5.40297294222
6.74776741084
9.14480555405
11.7496205305
13.7081628514
14.3348815721
12.2732408749
8.93696975411
5.3967302942
3.11792415644
2.95715708172
4.2841043054
6.41737957372
7.80725106579
8.08157667795
7.27705591991
6.18198315395
5.13084280956
4.64074826154
4.63741587249
4.80835385332
4.92997534116
4.84122158586
4.66519228858
4.24297315052
4.01026585203
4.09959003867
4.48355575859
4.95663110419
5.94271000544
7.01924746151
7.95868310596
8.01858860676
7.14884162118
4.99396031662
2.11080090436
0
0
2.47967109612
6.86923992423
11.7702914457
15.8710985361
17.0676981383
16.5645547526
14.36587121
12.4381161715
10.4210456658
8.87519051849
7.53620649425
6.16118479572
4.56970076039
2.85578794319
1.22621121341
0
0
0
0
0
1.66195207085
2.49095842379
3.26057638451
3.9150376885
4.54779328305
4.89822093927
5.16375996566
5.09879208834
4.61195551948
4.00797086382
3.6062157906
3.88346923052
5.05717339449
6.56715981659
8.32514027405
9.14421740134
8.41056040549
7.24683912512
5.22129974825
3.30670386404
1.65343011954
0
0
0
0
1.35692289073
2.80496333672
4.75156288755
7.00326138262
9.30173828122
11.2181868028
11.9604191049
11.2333751568
9.58151889755
6.90200892659
4.31333350815
2.24447189712
0
0
0
0
1.97696121284
3.20078002221
4.02915196024
3.74847691975
2.93680718936
1.86970388417
1.07881022843
0
1.2152985198
1.68557018017
2.01492738782
1.80452950819
1.32898885449
0
0
1.64682697088
2.97873031829
4.82291847715
6.76716300074
8.60300296909
9.8737817798
10.6066842254
10.2258914006
8.76194033392
6.31286088502
3.87954206365
2.1897799866
1.86361888743
2.45922611882
3.44807509564
4.00120274881
3.44446094124
2.28531253486
0
0
0
1.21760605013
2.34925259038
2.95259697477
2.62792274127
1.57279768963
0
0
0
1.92574852151
3.33159319245
3.98501647943
3.36913667335
1.91947420674
0
0
1.04481608671
3.35907363077
5.7069152178
7.00113244296
6.43618492407
4.4496511998
1.99597969959
0
0
0
2.02516788891
2.9134508898
2.76753783791
1.79206790343
0
0
0
1.80331817791
3.53616191189
4.78176989928
5.24023166737
5.17262882841
4.32537538189
3.28451466314
2.23532669295
1.57638943489
1.89365949483
3.50645758627
6.74272851612
10.9204021139
14.7237585707
17.6069384779
17.9501141888
16.6047882189
13.7277345095
10.7669924284
7.70458251035
5.41634496996
3.69720560627
2.24658545176
1.26761217653
0
0
0
1.69035430314
2.86755795359
4.26277984095
5.72962045309
6.89079790589
8.13209797329
8.44491084202
8.20933430088
7.1921852805
5.27752112819
3.2204132136
1.36964225915
0
0
0
0
0
2.35532664412
4.03196596425
5.66914260312
6.96978890697
8.03196081367
8.62685268858
8.88655621511
8.92709506396
8.76279716911
8.47554572856
8.13433557636
7.66189639697
6.8438334625
6.23518525717
5.30237181408
4.19944781394
3.54959186533
3.63842663091
5.24308418155
8.89221826841
13.3939275178
17.5317856544
18.9189620077
17.3965426203
12.5126117706
7.10877607284
1.946460797
0
0
0
0
1.62639498446
2.12529094811
2.66425646633
3.60776647733
5.4095242025
7.54141147055
8.97494452956
9.37902819654
7.60568995774
4.30710237933
1.32113905357
0
1.3703256709
5.05535377191
8.9113958423
11.560563063
11.4877594851
9.03294158249
5.31699171415
2.53509508976
1.5383614529
2.23764929635
3.49129650032
4.04943243535
3.04913173236
0
0
0
4.53491384048
11.047810884
17.4736248363
22.129532538
20.4278293124
15.5790614069
8.91544976992
2.42268831453
0
0
0
0
0
0
0
0
0
0
2.00653488215
3.44994620543
5.31626995458
7.16367469885
8.90145329
9.78321676252
10.1111533363
9.40095798736
8.15642728783
7.21497782066
6.61686193252
6.60440816656
7.16511957745
8.45630593119
10.3175810835
12.2762970757
13.8409527727
14.5030596281
12.7762094131
9.48561175164
5.58213876895
1.90898004082
0
0
0
0
1.43260621347
3.69599776583
5.55613630628
6.23410561132
4.95201439428
2.89833881404
1.31128563346
2.02587788583
6.51793698433
13.1670932841
20.1144855295
24.8215330965
23.6483384312
18.422139127
11.1752968173
4.59139631324
0
0
1.30286294954
2.7234753133
3.12636151697
2.48751969535
1.37823019733
0
0
0
0
0
1.25313918185
1.5563012833
1.91952156838
2.62378693601
3.9284832019
5.49612316607
7.2634170326
8.52227943851
9.51845292522
9.51354062003
8.88206436063
7.48328836418
5.53113628134
3.21168282644
1.09516615499
0
0
2.22576990968
4.28933393333
5.81573232481
5.92066955237
4.5571805527
2.63054760535
0
0
0
0
0
1.1278052463
3.07745708131
4.88333469958
5.95487918545
5.73226233788
4.30744997937
2.44055979087
0
0
0
0
0
2.40291636085
5.08198756271
7.55965985354
9.62533761764
10.3511145144
9.70474698919
8.05201567772
5.81251560532
3.42699048468
1.15343581226
0
0
1.37953890237
4.78171483209
8.47988360105
11.3756889048
12.5707829666
11.3991458779
9.48447594301
6.96963690159
4.55172279445
2.54053819124
1.46869002705
1.58226144103
3.11245523267
5.68192890726
8.47264028756
10.6862552374
11.0839948514
10.1451841406
8.18260104804
5.83930215007
3.77036890952
2.25061134357
1.33609759441
0
1.24043328724
1.8989052614
2.66315157875
3.0395921126
2.7162644837
1.85597910656
0
0
0
0
1.36991934467
1.94178769269
1.91584225206
1.38718122357
0
0
1.64324110238
3.3499045944
5.13740658203
6.64773149895
7.15632178708
6.68250544961
5.74935937955
4.43239413171
3.35272324082
2.4840561058
2.19104616352
2.55944762941
3.84842884452
5.636893243
7.45800509022
8.64831730207
8.90154204702
7.90665805428
6.28971380028
4.59304269673
3.45032380065
2.77059731526
2.68649253658
2.82119994218
3.24094720453
3.59802743545
3.87743000574
3.95260171856
3.87011155962
3.60210645564
2.99920088204
2.34665286316
1.5340661174
0
0
0
0
1.21178825151
2.1457065028
2.85561048777
2.89760270679
2.41138437672
1.62297709309
1.07934555045
1.09537681568
1.73330375453
2.4645262701
2.960003519
2.83880747719
2.09843941022
1.14072914327
0
0
0
0
0
1.13859966887
1.26511511253
1.21981070606
1.10531246586
0
0
0
0
0
0
0
0
0
1.34781718009
2.48452520354
3.51859214526
4.46638014281
5.01859692142
5.39164218162
5.69354091583
6.27527904748
6.73763639238
7.00444026611
6.53850638739
5.27889334137
3.24767774516
1.33599744197
0
0
1.59848384635
3.36338698605
4.72153559649
4.90834723269
3.94065524548
2.24352094212
0
0
0
0
0
1.59140576608
2.69351961799
3.60973784823
4.00023288698
3.77043701977
2.78673825217
1.56141113526
0
0
0
0
0
0
0
0
0
0
0
0
0
0
0
0
0
0
3.5587531717
6.2634308306
8.40653617955
9.13076484148
8.60878859043
6.80199961715
4.85919923715
3.08801059483
1.81911856358
0
0
0
0
0
0
0
0
0
0
0
0
0
0
0
2.66565919746
4.54165233456
5.86051247214
5.69746312599
4.444765555
2.49558479085
0
0
0
0
0
1.12907957013
1.09020489611
0
0
0
0
0
0
0
2.00784301922
3.72430620459
5.28128828343
6.39080018743
7.00889883362
7.2372958911
6.6400605761
5.33220634817
3.82041161886
2.04159075256
0
0
0
0
0
1.47041235932
2.5694172504
3.7343976731
4.69249200459
5.14279530069
5.43462438016
5.24800218883
4.59541366569
3.47716953211
2.10416807167
0
0
0
1.01282003153
2.26373835995
3.57296549432
4.18184274711
4.42652680684
4.07113271995
3.39872495527
2.62793313857
1.94805469117
1.14413391078
0
0
0
0
0
0
2.82081669175
5.02866489438
6.72863971787
7.01799436096
5.89332263168
3.94462326526
1.95476199692
0
0
0
0
1.53955937723
2.97859968361
4.30373344038
4.8807118402
4.69913780187
3.66775571288
2.14986794462
0
0
0
0
0
0
0
0
0
0
1.18858185203
2.19614716619
2.85761113865
2.9630156646
2.27254760491
1.34097013585
0
0
0
0
0
0
0
0
0
0
1.89241286911
3.41619207417
4.71942660514
4.9213018966
4.37903313549
3.07669053678
1.69092806645
0
0
0
0
0
0
0
0
0
0
0
0
0
0
0
0
0
0
0
1.44149288038
2.37355945699
3.58806273655
4.66944437128
5.68059998042
6.10802628076
6.11245622604
5.55402835891
4.72677807949
3.61430734466
2.33639695572
1.43364635117
0
1.20019672068
2.22163082639
3.51244804427
4.6210136403
5.07894664995
4.87543726033
4.11862616821
3.33980483373
2.88698854134
2.63037125686
2.49228721704
2.31599763
1.72495851961
0
0
0
0
1.86535270604
3.60520372874
4.7073239722
4.9295641085
3.57193855257
1.85031332381
0
0
0
2.48338871959
3.71313237351
3.94014217047
2.86387407632
1.451779097
0
0
1.29421901737
3.10175681519
5.14421329823
6.4493751182
6.6607513589
6.51757670658
5.74594069348
4.60065370725
3.45872346966
2.36872868766
1.44891594141
0
0
0
0
0
0
0
0
0
2.72190272949
5.25211412288
7.80099034004
9.6324371495
10.0785426805
10.0589792455
9.16533256308
7.30810123
5.3266041046
3.11246152664
1.04812646105
0
0
0
0
0
2.09526382998
3.5960112986
4.74426983736
4.95270889799
4.08442512337
2.51866796883
0
0
0
0
0
0
1.34065665302
2.29249097444
2.89403153315
2.89833557518
2.27807644962
1.35105672302
0
0
0
0
0
0
0
0
0
0
3.25604597726
6.18964755629
8.36068190266
8.98434437943
7.38098864602
4.507746866
1.57945715766
0
0
0
0
0
0
0
0
0
0
0
0
0
0
0
0
0
0
0
0
0
0
0
0
0
0
0
0
0
0
0
0
0
2.17646236577
4.0508021572
5.55543322404
5.88633668276
5.08233322355
3.20114666033
1.23568943913
0
0
0
0
0
1.9517937958
3.54988170656
4.62132683676
4.92131827546
4.13987300575
2.63583448299
1.05658468691
0
0
0
0
0
1.94269831479
3.58365358758
4.61473120999
5.00868730653
4.13884108503
2.66724778876
1.026269432
0
0
0
0
0
1.26218863817
2.27279807963
2.83337682247
2.97340486769
2.31896579533
1.39529146209
0
0
0
0
0
1.03305997067
0
0
0
0
0
0
0
0
0
0
0
0
0
1.35186921536
1.83230733094
1.97391791968
1.59813008582
0
0
0
0
0
0
0
0
0
0
0
2.05615695984
3.97992070066
5.49682495671
5.8748861368
5.05025024939
3.1687211263
1.20953354366
0
0
0
0
0
0
0
0
0
0
0
0
0
0
0
0
0
0
0
0
0
0
0
0
0
0
0
0
0
0
0
0
0
0
0
0
0
2.00706460851
3.94343670192
5.5124827313
6.00540206326
5.08110960329
3.2627585804
1.23375878471
0
0
0
0
0
0
0
0
0
0
0
0
0
0
0
0
0
0
0
0
0
0
0
0
0
0
0
0
0
0
0
0
0
0
0
0
0
0
0
0
0
0
1.9475650813
2.72153763426
3.01383144737
2.52691598059
1.62485020892
0
0
0
0
0
0
0
0
0
0
0
0
0
0
0
0
0
0
0
0
0
0
0
0
0
0
0
0
0
0
0
0
0
0
0
0
0
0
0
0
0
0
0
0
0
0
0
0
0
0
1.31805739014
2.74906331889
3.75350262637
4.0215506458
3.07278035275
1.58506987597
0
0
1.01838744124
2.70603301505
4.28368437561
5.0948649833
4.4757909583
2.9335962754
1.26089855951
0
0
0
0
0
0
0
0
0
0
0
0
0
0
0
0
0
0
0
0
0
0
0
0
0
0
0
0
0
0
0
0
0
0
0
0
0
0
0
0
0
0
0
0
0
0
0
0
0
0
0
0
0
0
0
0
0
0
0
0
0
0
1.89686475267
2.65768859096
2.95662865546
2.61531381249
1.73776071858
0
0
0
0
0
0
0
0
0
0
0
0
0
0
0
0
0
0
0
0
0
0
0
0
0
0
0
0
0
0
0
0
0
0
0
0
0
0
0
0
0
0
0
0
0
0
0
0
0
0
0
0
0
0
0
0
0
0
0
0
0
0
0
0
0
0
0
0
0
0
0
0
0
0
0
0
0
0
0
0
0
0
