271.617370356
293.888891887
311.913051419
315.674464178
311.294407365
288.204491618
275.414922434
266.919200248
255.356864418
254.557781655
259.322797883
269.051321575
272.472569184
279.826584796
286.224516639
284.723531411
280.294697233
277.530138657
276.191885222
280.04503469
284.043397071
285.805549861
282.194220148
288.796272234
294.318363055
292.680213696
308.094832488
310.612614105
314.162313135
310.255658611
294.600272971
288.494259543
289.314058082
281.364176856
283.841310625
281.667973189
282.912700712
286.188067473
281.629568638
279.164484998
284.397867337
277.512091526
262.87909817
256.885355699
254.066513
252.692304133
245.919533605
244.943074159
256.101057398
253.581216937
255.224348521
264.005681199
262.483271715
265.684347957
254.764871586
258.338052398
245.914979001
242.182287649
229.716393417
230.327462181
225.870293338
241.594584279
265.10684957
274.043827973
283.989466824
285.701275432
269.548902595
263.695732611
257.970732382
257.749041983
259.071360922
266.30305654
263.260477364
260.603529746
237.322492716
227.055091753
212.358266591
216.688735497
233.839309661
241.507746202
249.777971639
251.490489884
246.562620675
229.189327879
225.011396625
228.271260207
231.778884722
235.876853851
246.077692454
256.102161838
261.107083735
263.375149716
260.08502006
266.044232384
259.588137613
264.196788201
258.483802706
250.36040076
234.846053772
229.339688606
231.764130802
233.284676018
255.231712254
264.402669801
286.079915295
286.510008848
296.218762091
298.324669651
286.65575137
285.430681337
269.908792046
269.273312534
257.171502565
262.384846084
254.571963318
258.193048567
258.135792971
254.602424268
258.328366822
248.148295423
252.424221659
244.663172416
243.492109793
242.33551486
246.346315341
253.22832076
265.058692971
274.330945779
284.023973805
275.339446334
262.867934823
257.191511977
248.669499214
247.221144201
242.454095717
251.564865668
248.992299725
254.137970711
250.997155749
245.664026471
250.545529859
250.979226422
270.297317715
276.434125699
281.585470013
277.658224161
276.734314341
268.052925752
254.560878944
253.656715369
249.671072896
257.012100346
257.551416994
266.434766528
272.430235441
282.287938638
286.059482099
276.797351756
282.609866125
270.632691053
267.410561351
261.77544668
248.997921558
252.059553275
248.106956288
249.310251965
258.321435872
262.466418112
263.423670709
265.779979492
266.065127383
267.519593154
262.792337219
263.474591082
272.134650413
275.046609277
281.152214757
276.174123877
273.452506417
276.4516376
268.103602674
265.858941241
266.274883457
263.829800906
253.450035921
250.209624786
244.81672137
243.893345654
239.980892064
241.473041141
247.86377281
257.000925451
258.302336108
253.17937912
249.770756525
237.834010835
240.927463052
249.553492196
251.422663773
261.748373767
265.125582865
258.611208423
243.505505088
224.086356846
216.748898587
208.386901036
215.641599467
223.967252254
235.699973782
237.545284505
242.026822505
236.180032865
238.257649326
231.948803856
227.224864838
226.024424176
214.404511008
210.951290551
214.459527139
207.930297255
215.446295255
225.678161617
235.25699027
237.644920065
242.764498817
240.958968738
225.544523637
217.983591649
214.102692743
214.554903507
225.14273627
246.830612124
253.604250372
259.392776284
268.772383179
266.442622052
249.451011737
241.167012717
231.021246052
214.071781008
209.475270429
215.583879357
216.593861764
224.000909138
227.152254596
225.960916738
227.524673947
220.032766531
232.343589017
244.7764183
263.609185903
278.012607636
295.27832674
290.109854925
269.659513416
253.260841103
232.692843346
226.758597686
225.182113964
226.897547758
226.493664616
232.812540237
229.839600832
231.49082568
232.126249942
232.664783678
230.639324672
236.101791855
234.993503589
229.742668149
235.335623621
229.503674877
236.823210551
233.176863071
236.254319265
232.646276261
233.204122491
227.143456696
220.658949844
214.746414198
206.88749704
206.45110183
205.62692876
202.788012511
206.780797352
210.377409088
219.933502969
231.361862818
227.727994965
212.939898897
202.868378574
186.883500885
180.404309476
190.977934339
204.99707338
221.377643411
229.761218826
224.689744259
200.875682484
174.868794377
162.488989595
158.800985283
173.850175716
191.841164759
207.066435632
205.93999899
181.590926254
162.245320776
147.855206647
137.102330772
145.619696054
152.408625565
168.406032172
185.259082664
195.850638032
205.092607374
212.635217526
221.348280149
224.053952164
219.867940566
213.516052634
205.881668538
191.743990687
179.658294615
167.008971738
150.822714773
137.009322251
130.381907532
131.201231596
131.590616625
142.485785177
153.187534906
154.600396886
154.432208266
143.954990183
137.352723546
129.586567538
129.703683569
134.08350668
142.344638249
149.325669326
156.430551991
158.654649306
157.626241066
156.80975683
156.252302179
159.171900161
164.294047743
161.99709224
159.799901561
154.355223163
150.40210722
145.436953827
132.76289576
124.892417908
116.747428804
113.521814774
108.056531906
106.434013194
110.447203022
115.245723463
123.458825483
130.76730466
138.259426383
146.367929342
143.071896542
138.589424966
130.313183082
129.978270289
127.804385591
130.669500265
131.06556178
139.806974707
140.67928519
141.463195477
144.660199722
141.344034842
138.270088912
132.168493489
126.060209211
122.921257822
119.245118939
114.101863263
110.61724605
114.261046199
123.304271958
132.106355937
143.713965468
153.026877791
148.741474671
143.797757129
130.674915878
122.319104879
107.484351097
99.8070780358
94.6439138053
96.2830279901
96.0413337496
102.284181491
109.294703004
115.68635247
121.292324082
120.040524124
121.561161702
118.964591876
108.877203794
100.357198952
92.1546959729
86.7020022838
91.1292860518
96.1645639435
104.651872148
111.978167764
115.267923148
117.310999596
117.467982661
115.110209728
110.239058553
102.657909809
97.4376832591
96.1363283817
103.234500645
115.512066843
130.171971776
139.241881291
143.506104429
147.521806292
138.219301299
135.50199164
120.654429749
113.986117327
102.127923235
96.4467986478
97.334062828
102.325664638
107.804447569
113.67521206
116.50539601
118.63511406
117.2964785
117.864678783
116.371338312
111.542195011
112.888042084
110.911275368
107.707549895
108.934863806
107.098832251
109.32501447
111.16786855
111.954462888
117.467424537
116.576444563
118.422737132
113.844590384
108.969765172
107.387150749
108.021645608
107.973370651
109.171297564
107.660024574
109.572562398
112.297412719
111.882622289
111.305347347
107.283953619
106.782825579
103.926728299
95.5543329018
90.613329801
83.8439521072
80.37998216
79.8091954831
84.9417077655
94.800676767
103.307624985
108.929063299
108.075114506
102.063636268
96.0851098044
89.7886325421
87.3327570843
90.7595131874
95.2604394896
98.8996377809
100.400336971
98.818153346
95.7698066504
93.8807292399
93.2257067921
92.4798428152
96.3607581438
98.2767683659
99.8013362016
101.913257691
103.437103039
101.337271752
96.8200592714
90.0214878049
79.7245359583
74.1013482522
72.9090583514
76.0817649332
80.1257267258
83.0143985629
84.0656963299
81.8610206276
81.7822525782
77.7664135832
77.6200770475
79.8691374327
81.1353529958
84.8489092475
85.0645920747
82.4401488983
81.7175762023
82.1889177855
82.2565847474
82.4308475498
85.6982998441
87.8536306456
93.3379150989
97.3141994762
105.413602004
107.092544787
108.303747393
102.932902031
99.2725580849
98.3559704192
97.6305693728
99.1212092538
97.6055583292
96.2862086721
93.8502446003
85.1057126398
73.5226231324
66.1141918928
60.9648933276
57.3985306246
57.0689080332
59.7147795578
66.2239927042
71.2233046714
76.7766452046
80.0142615695
83.6963594483
80.9425386726
80.8726540545
76.7818351656
72.0497730514
67.4627508988
63.0139597234
63.2136923851
66.6627817519
75.6564958613
83.752789549
87.1724853232
91.6900586675
89.8151875544
85.0645458487
78.8586848258
74.5480224206
74.9698569962
75.6009899288
74.7410621389
79.4855442542
82.7339102591
88.695229018
93.0636878027
95.0545195936
97.3691609277
100.265723693
98.0959456451
93.5532509181
89.3929385501
83.3665682302
78.4698492327
73.9992874943
74.5146444261
75.601400299
74.9458516983
74.914325513
77.1074898285
76.931195437
77.7937769594
79.2757612031
82.1264578949
84.2266355153
89.2493330755
89.9645625657
89.5638864786
88.2550901044
85.2567128487
75.0854354891
66.8660896137
55.5261148422
50.2117274489
48.4578377056
51.7804435743
58.4831016729
67.4506880075
73.1550489176
73.4682865251
76.9561753948
77.9173590169
79.9492676013
79.3725254512
83.4661853447
83.6791839139
87.5352650329
89.6521383633
86.3911018332
82.2096192416
74.8863468425
61.7240848497
49.9053347764
41.6244610587
42.0014558047
49.699586867
59.6443736218
69.8790291291
76.2770562252
77.4312341937
76.7645234247
74.1753494678
70.7596653559
72.1271073544
71.4920721049
74.2187460954
75.0445299263
77.6302838265
77.642473741
79.4280291627
80.1864357533
83.3488090051
82.8001455621
81.3437299664
77.4241505654
72.3106442671
65.3479166988
59.7455042013
58.9175432325
59.4426838506
62.7495821838
70.3226163411
83.4277344383
96.223798499
104.450954862
114.718422636
118.533267967
122.137912229
115.552005012
107.798918645
102.545141412
93.3995113651
82.3025712308
71.3229819654
63.101492588
52.2910693578
46.3204538529
45.8044805513
47.5296544062
56.6583850858
66.663572558
73.1736692341
76.7096798554
76.0475185306
71.7665098416
66.1908011419
61.0591550308
58.5720381785
59.1966477916
60.6499390445
64.9314221017
70.7186110562
75.2467366303
79.2835106056
79.9101792165
75.0043369922
73.1985089462
68.0962438686
64.4204801203
62.1846804197
64.2226303907
64.6305083611
65.8069387132
67.9218710065
70.7115681404
72.6049940798
75.7235100812
74.7620466842
76.164118491
74.5405221088
70.3305029024
67.4656103835
67.0647182783
66.6030823141
67.3710228863
71.3481315003
77.375140042
78.1867447417
77.8057998794
73.7868552466
67.5850235172
61.6667495876
55.3553080113
54.5616169266
54.3666771683
54.8607590487
54.7241745155
54.2657054654
53.4694047745
52.7661898585
53.189871586
55.2781595254
58.3564984481
63.1647883342
69.8138955923
73.2744170607
78.6177116439
80.3506473759
81.3237437447
77.3953071996
73.7217420119
67.4465670798
62.4557713785
57.5992651035
57.1477678607
55.1745048657
56.1394655797
55.04922804
57.6372797251
58.8293979057
61.7807935092
61.9609659521
66.4776445657
66.9191109678
72.0634452916
75.5754456102
78.3396657661
78.4285482987
75.0969577067
66.6674449655
58.3949029985
52.0387433561
49.759915274
49.4806992669
52.5496576613
56.7516691843
61.3787314156
64.37863422
68.0072862092
67.5936701666
62.4117318646
58.2061718074
52.224383741
46.8230290932
46.2261510692
49.798427233
53.874000628
57.6468129675
58.6841044573
57.7081080027
55.9540017612
52.0474576077
48.1787970834
46.4618705636
47.7288464358
48.7587294714
54.5886585667
60.9258998463
66.6838516389
73.6829863605
71.5035157967
68.2869099408
64.0496273882
59.2194920178
57.9195585466
63.5777986579
66.9193715087
72.5430208334
72.2501613775
65.3923256242
56.3376659359
49.228395124
44.2902801159
44.127962607
47.4935255795
50.9716873314
51.6290432445
51.4326772961
51.0864673181
50.427023077
51.8590495446
54.927108189
59.2727836858
60.9455251333
62.0683741585
59.0763188626
56.9987993479
53.2920332918
49.3283646399
49.2568547823
50.9758861985
53.0647086657
56.1598483531
58.0455394807
60.379670453
64.6117602545
63.5727951037
62.9760400779
62.2460419868
60.4021502696
58.3595490977
56.3321096935
55.0182325594
52.1957199296
53.2709249328
54.3843931996
53.6564405159
56.3052845388
55.2913522167
55.625291498
55.4560862341
57.3073917019
58.4916457548
60.0282872755
60.0450763541
62.707367749
60.7464196629
59.6823329488
57.2334638669
52.8644447276
52.5615076259
53.5201676572
55.8217752526
59.8348261274
62.7235440569
63.3122244635
64.8136103102
65.8373397822
66.6832905549
69.2137742096
69.7101410154
70.9071641399
67.5780557762
62.2608792274
57.5105553215
52.6949921919
51.4817644615
54.1562683503
58.8067052397
61.3178847286
65.9967986928
68.2222544898
68.9058942761
70.0260119857
66.3564364889
62.4866692997
59.1863735486
57.1713245403
55.5106476646
56.5057059427
58.1446514685
60.4362827879
59.3470410148
55.8044143461
52.4670952859
49.7866551183
48.866672832
51.4591803023
54.2188698798
57.0967092397
59.6203228078
56.7473781679
53.3235992801
49.7983707325
43.7297599002
40.8494473273
38.4116531251
37.5682467321
37.4323308364
38.2581025877
39.6271025298
41.6838772874
45.7154993408
48.390727432
51.070558747
53.9063968004
57.8199617219
59.6395523341
63.1263206082
64.3335333708
63.6118831197
61.7586757407
60.3286173108
58.8902722742
56.1779988617
53.8455728939
54.0088888941
50.6311390301
48.4976909912
43.4300031108
39.5206400667
37.3969389806
35.7831280448
35.6857348522
39.6432425217
43.3502670532
49.9137945264
55.6504888891
61.8959128066
64.1071416458
61.9485481101
54.2101093297
46.4386561407
38.7366204247
36.3439035627
40.1661889671
46.9363820494
52.3902377714
54.9106320439
55.1156535883
49.684590434
45.8213916722
44.3103714654
45.3530570589
49.0797090898
51.8830701811
55.222905767
56.971597286
58.5352480644
59.5975751137
60.9606292242
61.0207742132
61.9188763801
59.6752957856
58.123541922
54.5392992061
48.3797204774
45.102923215
43.6443951887
44.9479107193
49.0688220373
50.4758849641
52.7312143074
50.786881036
50.6465744226
51.1126405827
53.230904885
60.479766317
65.7866900262
72.902903713
73.7878162934
72.5313929836
65.7817078031
57.5050545817
49.7538605797
44.3046783442
39.0506131259
37.2368143206
38.0516493472
42.3720660673
48.8662517378
52.9558017032
55.0712799345
54.3392516584
49.7195933703
44.954598235
43.8603294913
44.7200655143
45.8024767042
48.8307138072
50.7604308145
51.7523986058
53.7966461073
54.5694846381
53.5108392989
55.3675898949
55.7505770987
57.6192755062
57.9875228551
56.3551303002
56.5919997413
54.7383477308
53.9256377522
53.7892393177
50.8538790717
48.9185050089
47.574574166
45.464213782
45.0066990239
42.5499009924
40.7194511256
38.2649685941
37.4486763838
39.7957563199
45.6994696093
54.179859555
63.341388748
72.0801375392
77.5281904284
74.643568133
68.4198292415
60.5203647291
51.6856103268
45.7405468129
39.898105561
39.1697180526
41.3323906542
46.2302472872
54.3067516678
58.9461939261
60.1116639856
57.02246532
52.0741294333
47.0457198688
45.5407602643
49.4550905351
57.13707483
64.2216443514
68.1846541325
71.933004902
70.7182629939
69.9474563005
63.8565742925
60.0043043154
56.9879006379
53.2399876935
51.3185483164
54.3781973917
54.751872004
58.5066650701
59.9278944453
57.2914999654
53.5055027421
49.5250372469
45.2149839768
42.3240515323
38.4408957817
36.6367567801
36.870111392
39.1700435552
42.4550994082
46.1327709147
50.0198184991
52.2308689233
54.099494038
53.4590021427
53.178415708
51.6132901148
51.1637521169
49.6518029714
50.3025865868
52.3732849472
54.3168308986
54.6200198891
56.3062115038
55.7577409282
54.4715920394
52.1409089869
52.7447243188
56.0822637326
58.6904290178
62.8055255813
63.281267727
65.8915079547
63.1806756199
60.3134041738
54.7904185155
49.8677697104
44.7290466554
39.792145919
38.2357844331
40.9284524366
44.7439950464
48.869979411
53.8418908264
57.6449321728
60.6180624319
62.3412525007
60.8936062456
59.1349645107
56.3034870454
53.2832345102
50.5233426349
49.9891276144
51.7719407028
52.9373709612
53.419181291
52.9540258965
53.7071785715
54.3353770078
53.57951471
54.3367617274
53.0939284674
53.9480655165
55.0606009612
58.4640244921
62.6334141214
63.4338184509
64.4378183864
60.6434434188
55.613694173
52.1836236992
45.1775140863
42.3988521286
38.9419368919
36.6379486597
36.5117335134
38.3636588165
40.3946817068
44.7146348696
48.0846077262
52.7672263742
55.3717399904
58.3069685688
57.6048711237
56.7960340529
52.0192260996
50.3734340198
49.1446739559
52.7324985668
54.5939563054
60.5086862627
62.8567086924
63.3660880844
62.2968038631
62.428385713
58.4420610365
56.5372255779
54.5792991141
53.1226852812
51.6296786539
51.4717597253
50.8067671771
51.1541233883
51.2208389019
52.6634312271
51.9903196964
51.5155063586
52.8174791324
51.5416775657
48.8242580743
50.2719736553
51.1378400659
52.9177910893
56.3696141176
58.0999003263
56.7662749461
56.3545051238
54.3054727925
52.9439564021
54.4146106726
59.5949470492
67.4595541974
73.0302504956
73.663137881
68.9767431721
60.6430423309
53.078462505
49.1368547126
51.4009524005
57.0448624229
62.3521429143
68.6641513078
68.8067807917
65.6891431975
59.503169415
53.6351358934
48.666506093
46.6633368061
46.9197520699
50.3334349631
56.4491753246
65.2265918725
73.4132604644
76.426509344
71.765286342
66.1944716724
60.5247515091
54.0446480742
49.3319514466
50.1066695108
49.4736949309
52.2429406628
54.0752665873
56.2891053818
58.8763168494
59.6295793309
59.7768547311
57.3522409852
54.0873407011
50.5541696366
48.2593818222
45.8412216289
43.9220952456
43.7022025047
44.423031787
48.0517020946
52.1426014692
58.7926313993
68.3504618678
76.940158226
79.1761416739
80.9774904352
74.0744772406
61.6383436765
51.3584636078
44.0433960483
43.0774085484
45.8869606486
50.3833775659
58.7457559498
64.8696622195
70.8869647245
71.6718854372
72.9658717984
66.5997728721
60.2440999893
53.8378377846
49.8308229937
49.013146265
50.7606320949
53.6114402843
57.5262045309
62.721931557
65.2643531577
67.1836702576
67.3722965104
66.5086231853
66.8393741763
64.3774899187
61.9144413821
59.0448316772
56.7662674449
54.4082868678
54.0730689787
55.0962639593
58.2179468282
60.3758993291
62.7881261357
65.8197173103
66.4993181119
67.1334882933
64.6204560292
61.3006098333
60.3715862994
60.0815609459
61.4081684445
67.2706235571
73.7189955971
80.7286404082
86.4063488846
85.0766202562
80.1839479176
76.8240302081
71.1696524301
69.1825816296
65.8993084821
68.1706706362
68.2607299694
68.7480735832
70.2157878682
70.0784165877
73.7008625076
75.2013639891
78.6983980041
78.9798596421
79.0661623487
76.3600879987
71.3159351433
67.2733344994
63.6657000346
64.2233043548
65.5737786984
66.7705487092
68.6449829578
68.1577038056
65.5583986136
63.4224645944
62.9900255847
61.9534475303
61.937625565
62.6869957672
63.2116016993
62.8087132382
61.6586483315
61.3116984077
62.0126095627
61.8252203052
65.492707756
66.0375950053
66.4517213779
66.8903468461
64.440601809
64.9635818443
67.0808916164
71.4884016038
75.14418507
81.3070447707
83.3159744237
80.3551290409
79.1018458823
77.2532768418
76.0454852217
79.7491181215
87.7822004913
94.7687123788
99.1526836228
99.9250482141
97.7202538797
89.8681328067
80.0858647377
64.8592227745
51.9719910626
40.3018360489
33.1048355178
31.6871100618
34.9075840435
37.3062016736
40.6090221016
37.8511635269
33.3623799888
29.9163973624
26.7793162534
28.3578863224
31.7317616531
35.9316246144
39.9177115171
42.4063709523
43.0228470125
42.3663005803
40.2951782859
34.7662990405
30.0823763784
26.5769922645
26.0702752039
29.2024948346
34.2702209981
40.1315402871
46.8732834269
51.7568207464
54.7501212149
53.3338201252
52.0827517122
48.1689445103
41.9930477356
38.1831807259
36.3512003848
38.4174958722
42.9480692388
46.3832493697
48.1485955012
48.9302132218
46.2270065443
43.3394762396
40.0381172001
38.0661459702
38.1381281395
38.6115745367
40.2148589653
43.2145944857
46.3215593597
47.6688322413
45.6431203574
43.1103197773
37.5615839297
32.1880421057
30.4673708608
31.1693366601
34.3313809486
38.7334975905
42.1628458218
46.1651904332
47.5000625078
46.6068171687
42.9599901309
38.5007330192
32.5666119189
27.2832560541
24.846360657
25.3018807673
28.3729300854
31.9086204498
33.4185462772
34.6742247479
33.6071092779
34.1515094474
33.7478843456
35.4077868482
38.9271872822
40.5709814857
39.9824703602
36.0431920586
31.9724014375
27.6141503236
25.7945709448
29.094107889
34.8564235938
41.1800130372
46.5602540228
47.3971166842
44.8170612676
41.3502624751
38.9889164894
38.9538603266
39.7731005191
40.5738521693
41.3530697392
41.3438025479
40.1363153402
38.4210059819
36.658875211
35.2514461445
36.069152033
36.8976426462
39.4719831628
41.5981376063
45.1548480672
48.2036237518
48.2168952229
48.7326074326
45.5937014715
42.7940504806
39.8052404033
37.4123106965
35.1750305889
34.7547927885
34.3889338538
33.9050580856
32.6572841442
33.0371719737
31.5939035881
31.0070130181
31.6159209204
30.4551193864
31.1743221219
31.4671390421
32.9701987752
34.9137518736
35.7676610388
37.8018845244
38.620703409
39.8966420175
40.7463777823
41.3045663922
40.7221847153
39.9112151235
41.2020978815
42.5065472924
43.2672191999
44.3001734811
43.920428215
41.3941885548
39.3417804705
36.8660572888
36.0090246647
36.9028477418
40.894543549
45.3402743247
48.4672846166
50.5739995014
51.1866993874
49.646701845
46.3409744346
43.799593044
39.3001118688
35.9536465363
34.6479248394
36.4068031886
40.6866325587
44.3394292059
47.3225820371
48.5106148451
45.8338053074
42.4780204461
40.7875299121
38.8513286983
39.8720587351
41.233458206
41.9512820058
41.8380616375
39.6874448847
37.9555008897
37.7320431666
38.0520145414
39.9189169004
42.7665172779
44.4829788549
46.4193654939
46.4801690953
46.3159531501
45.6402332074
44.0100809232
44.5925292391
42.0135990032
41.7536209037
38.8696699084
36.4067788749
36.0643275925
35.3524984831
38.4312915934
41.4797980909
46.2768934777
49.9992088228
52.216974702
51.1045175947
51.0598326829
51.5649321843
51.3719532455
51.543354583
50.0293486503
50.0740700813
46.1136301362
42.4737882194
40.8945414372
40.2567623001
44.9290911529
51.5280825861
59.8272881757
63.1399250167
61.3025781393
55.2381731911
47.2088828262
38.6464474627
28.5696814758
19.9356893886
12.8118245614
8.35364324488
6.63349391503
7.1838107735
9.37610394898
11.8432434276
14.0723568942
15.0902801971
15.1700817628
14.3527434772
11.8318949865
8.76827687007
6.86909744286
7.50939144709
11.9652868168
17.8370990422
21.6677837854
20.9423510024
12.0957995065
2.28721410121
0
17.1786623527
57.135024482
112.845420442
169.549166571
213.242437746
222.20694871
212.0046
183.09501187
149.06142364
107.401747766
67.255478426
33.786721603
12.0603072325
4.064675102
6.8611915853
14.6163844776
21.7488275015
22.4937745403
18.8659490338
12.9065364517
8.55201887124
7.42659084823
9.01018510572
11.9468892699
13.6337503838
13.6424415999
11.2196750572
8.38406422906
6.04986010303
6.06352545251
7.39043621745
8.87058741014
10.0968756305
9.37318300172
7.51442771374
5.49299769188
4.06255922101
4.20560426065
5.31262689121
7.37598230769
9.67369388177
11.5907247945
12.9912332282
14.2486523354
14.7731769105
15.451204254
15.5347970274
14.61607108
14.2358529927
13.2988079653
12.0021773197
10.9463428389
10.2407611275
9.91793832776
10.1728939281
11.1611313858
13.4002987015
16.5472967324
21.0973828004
24.3391311692
27.1924423933
28.7073164801
29.053184308
27.9344513182
25.1278674214
22.3902386434
20.3214807595
17.3357674647
14.4857005146
11.9842055186
10.3766400697
8.90347330519
8.17530109794
7.49255604781
7.59087586836
7.58062543567
8.03373704038
8.4026074604
8.89586758998
10.1065896692
11.8117835782
14.1047697322
16.5759902947
18.257973578
18.1120700624
15.9105850323
12.5554849352
8.80483470009
6.28882942806
6.18637859796
8.03604838491
11.0988834259
13.7915785456
15.2072182051
15.193362647
14.4002422309
12.3120410297
10.2449946796
8.1382115462
6.9727743194
7.46086158329
10.3390833585
14.5712791495
19.0107494922
21.3888166321
21.2502673122
18.9491939856
15.7209151467
12.5565634274
11.0425587129
11.3054614564
12.6066014532
13.757486269
14.3642213841
14.284476159
14.074665669
14.2355880854
14.2536398819
14.4331853891
15.267844534
15.6266483769
16.5836817289
16.464150356
16.776044531
15.9397135988
15.2484474679
13.9910815206
12.4205545703
11.8634266762
12.4030746766
13.1869464103
14.8616926501
15.9945204795
16.2080150586
15.7943938434
15.3001953678
15.0717414511
14.7237082338
15.2134159213
15.8939299905
17.079412382
18.03867597
19.1892198658
19.9975438959
20.1049600762
19.1724703527
17.7252411589
16.024099473
14.2166336099
12.7028395469
11.6727090029
10.7126029579
10.8258344925
11.4666422228
13.2109835105
14.5386818187
15.9599476809
16.6592011368
15.9621180841
15.3638658932
14.0976660801
12.7986926185
11.0000344127
9.82840289483
9.65339751004
10.8020021015
12.8715181763
15.0153120452
16.2712617953
15.2198408542
12.9055964224
9.62353286259
6.67684037686
4.52831972547
3.66104893598
3.82271105198
5.49525784166
7.93322259768
11.4188534816
13.7153878199
14.0625175461
12.1319632704
7.9129048223
3.49116519545
0
0
2.2278631719
5.34314242372
8.35649919288
9.7618422761
9.95485575115
9.42060659968
8.99915212581
9.25079739828
10.180315845
11.230495479
12.0864776431
11.7697607962
10.6471772486
9.59436868842
8.11622781993
7.63248544064
7.68031601611
7.74476384961
7.82729731767
7.98785423898
7.96396811264
8.34904156835
9.36187842618
11.7777302059
13.8888893642
14.0895654943
11.3766386355
4.71091454914
0
0
8.94903643125
39.8806853314
86.0033773331
132.044445794
164.26038319
183.569395176
177.968009181
154.681532104
125.66002409
91.1099511555
59.7242950098
33.5428808968
13.8013547689
4.58605449808
3.89714699922
8.13068031667
12.7166326527
14.9967349072
13.4866944923
10.566072099
7.05241033749
4.45489904299
3.22753149521
3.66322329778
5.1734427492
7.92304307997
11.5899582864
15.0025332444
17.4548329613
18.2307998539
18.0997724063
16.900820001
16.1606323822
16.2094283009
16.9147668877
18.2405213926
17.9422871058
17.1285815931
15.2856889323
12.7818004799
10.5717608414
9.30636450584
8.97718755875
8.7779389614
8.48760730204
6.90474873582
5.05285390288
3.55984537319
3.5163009989
5.75689564103
9.83477978895
13.9983044653
17.4379303495
18.2926639815
17.0282041794
14.1667266066
10.7659235571
8.53638633842
7.1100595192
6.49634811398
6.13111013937
5.97588396386
5.86156162083
6.25415726272
7.49761997494
9.16480999681
11.6237942742
14.03654148
15.706307325
15.8857263844
15.3903649362
13.986727849
12.6519365527
11.0816842209
10.7135983743
10.167118613
9.84084491407
10.0879449017
10.1623649474
9.91476583003
10.1605319631
10.0292943831
9.68502118881
9.8108446496
9.78495221575
10.0921075245
10.5591485738
11.2288869727
11.8787765634
12.21150461
12.4779450343
12.0997657884
10.8010870323
8.31096008675
5.30153104823
2.7556461401
1.74267966136
3.34969290699
6.77609816007
10.9074441427
13.4042833468
13.9227270831
11.7120328375
8.56870946915
6.52340669661
6.10470685586
7.63273260728
9.39836443907
10.2603324057
8.72348130671
5.68473469256
2.64991093826
1.55596124429
4.0711825807
9.52698592013
16.0893923248
21.004703727
22.8031185323
20.6627824493
16.5040667033
11.6515943406
7.48917951242
4.78487998596
3.22788897381
3.45346779247
5.39878751202
8.31656983724
11.5658820969
13.5358031562
14.089747904
12.0125989409
9.44230549302
6.71898853726
5.09861365622
4.38321220963
4.09792691561
4.124971781
3.6556155868
3.08848703627
2.8801214175
3.45731565102
5.25812732257
8.20035619456
10.5627081059
12.2431170133
11.0620881867
8.29877431608
4.7418976806
2.35423448854
2.28664080049
4.49793530899
7.7429792236
10.9826034429
12.8162097463
13.2193050913
12.9602335625
12.4009205981
11.7212907983
11.8945880405
11.8018546025
12.2593246024
11.9090772095
11.4077306025
10.426975703
10.0956824169
9.94111280964
10.2005540247
10.9231929113
11.6885650096
12.3968137883
13.1919382754
13.3032809891
12.6056586151
10.7114134606
7.8055923383
4.97666829311
2.64325373395
1.65067574052
2.14139700117
3.48784568162
5.21025159049
6.94023520403
7.77123660625
8.32426623514
8.41296193276
7.48342960782
6.21147478397
4.90975340524
4.17589756112
4.10438773195
5.05232536435
6.18352874121
7.51832815188
8.53321593462
8.62000305191
8.46764077047
8.29630123642
7.6694409779
7.09728074666
6.4906909305
6.20464207496
6.099672097
6.16920704045
6.82392350685
7.52669769344
8.48268197991
9.69371682225
10.2726327303
10.271529433
9.22036920958
7.35017125147
5.38727422186
4.08976408172
4.43605026909
6.32811358826
9.24538576378
12.288466697
15.619861158
17.8015844718
19.1003960691
18.5517113157
16.3377599149
12.4190461139
8.22559766269
4.92085381304
3.75076494128
4.82527069266
6.94319466887
9.1671431001
10.5372219706
10.0787363539
9.27024736639
8.50866409659
7.8150730812
7.72615447117
7.87987549646
8.0130416533
7.87597853694
7.16775866839
6.49187075674
6.02239488499
5.92559051878
6.30958866123
7.01849837975
7.75102712544
8.36699439786
8.87807301218
9.12709658875
9.84148975993
10.3708249358
11.1869035102
11.8083621543
12.2404086867
11.6164265531
11.1755760571
9.95340209418
8.78536068951
7.14735668657
5.9616183236
4.78497581239
4.12503223925
4.15588045521
4.9050672244
6.43356037939
8.66085786959
11.6084027126
14.9169431156
17.7400227088
19.6761599223
19.9921935283
17.8295960962
15.0708249715
11.6296413345
8.57230415522
6.22574495595
4.70552689809
4.15037165291
4.17948447917
4.76089005334
5.88627752529
7.43564668309
8.67820688794
9.82290769975
10.3740386824
10.2936928315
9.59489968829
8.42724068017
6.92641713908
6.01999448162
6.24398281322
7.01086935259
8.33372056865
9.70936341406
10.0196826387
10.0676556273
9.6065689115
9.86537896135
10.6376493741
11.8715235233
13.4647329791
14.2600665862
13.4960969491
11.7365452473
9.57119471077
8.37478175816
8.2823214155
9.62394590822
10.9817771712
12.0955389556
11.5521524402
8.77739183819
6.01208800114
4.16063706118
4.46978842685
7.01661221031
10.7856542378
13.5565581433
13.6988499701
11.9424035362
9.1570491452
5.53157516196
2.85930635971
1.37962414679
0
1.45784836689
2.69007675769
4.36853881938
6.00024027268
7.61782965198
8.22295950829
8.43010303733
8.18841342133
7.93963879098
8.05858935774
8.75867070925
9.59385144119
10.2227262097
9.85194725166
8.62091439917
7.36470664321
6.47334487649
5.87565303664
6.23654259485
7.35807657624
8.92120900124
11.1088102454
13.0410368621
14.2079322479
14.5710255148
13.091143882
9.77450636768
6.30317978299
3.07642775907
1.633413209
2.03055927882
3.54038731715
5.3123555969
6.43874916621
6.67417704126
6.41616616157
6.05276869283
5.98031037875
6.44198937606
6.95022496783
7.6023053706
8.12964894992
8.56341102591
8.71667090552
9.39563786842
10.497028143
11.881607675
13.0428146897
14.0486608153
14.0318135103
12.6477520188
10.7456983384
8.93632543145
7.2958663732
6.35491722086
5.9477822294
5.79856559714
6.14492699658
6.51124381538
7.25326743014
7.5557609798
8.0792531061
8.72609899063
8.93601896423
9.37116910636
10.4155826754
11.2282427672
12.0470213339
12.559167539
11.477769423
9.61222159912
7.34330396783
5.0276016885
3.45454820803
2.71341382874
2.77463895982
3.42202726597
4.462726394
5.62645811535
6.87548330781
7.81748989041
8.1123654359
7.71834660989
7.11007814134
6.35170912827
5.6137049564
5.24636586966
5.16421775112
5.42324661876
6.43033745401
8.17775927077
9.27690596876
9.99766169623
9.51306063435
7.68761569105
5.68676797765
4.18660072352
4.25415171965
6.308084988
9.46810402264
12.6074571625
14.927504058
15.4697836571
15.5791265996
14.5670738793
13.4649015374
11.5084724441
9.37540176587
7.27017387083
5.2036405677
3.61215358463
2.47642438259
1.89200618253
2.23090014608
3.22573431489
4.8317096865
6.7554244342
8.6678259173
10.2169603235
11.7876190835
11.9695592761
11.8099174983
10.5486362909
8.66790361776
6.90615145294
5.60780399284
5.15549716503
5.07700302939
5.65085924145
6.20833684104
6.87070086264
7.70560563639
7.99164278278
7.80007442636
7.39379924847
6.77461929875
6.16314140371
6.06647614258
6.27035607766
6.77908231288
7.4748863533
8.25634521061
8.62593237073
9.22959656572
9.78001546858
10.2635763629
10.4435823053
10.7599266839
10.6951030527
9.51119033611
7.99066840324
6.31361347048
4.74164888595
3.66585824113
3.39044367891
3.61518999339
3.89053341592
3.98774096799
3.98246288699
3.80026683075
3.72615363807
4.14696564669
5.03800223278
6.11011207134
7.34022971945
8.42345738651
9.15604075443
9.67682153718
9.85205278065
9.92876300841
9.7882184567
9.15127409754
8.48155341994
7.7857399154
6.89037838722
6.11083153867
5.77536877917
6.32208444587
7.45984171029
8.72645775503
9.83431370042
9.95691539984
8.78352991721
7.14465280713
5.15654503214
3.48292472791
2.10011983422
1.38452511419
1.4570538064
2.44322376416
4.16918382049
6.4291246958
8.65783481334
10.4416415264
11.3328936743
11.5810816126
10.9804630631
9.27640779805
7.08446369226
4.54846528532
2.57308719765
1.96122493338
2.7777640129
4.54019631804
6.78915508897
8.51123290695
9.78314790043
10.2861566823
10.1131003481
9.64817885952
8.74276725909
7.63309431005
6.48166013185
5.72052447923
5.49052648462
5.46768335291
5.56209989126
6.30050672573
6.95337135068
7.45377194557
7.84055306382
7.90276349113
7.7362496934
7.49840573627
7.58967776722
8.43564738471
9.87204124758
11.2336860569
12.2178683438
11.6234951294
10.1109804614
7.61318813224
5.19028338445
3.58926887247
3.0135064703
3.05991827948
3.59869806897
4.11297316801
4.41584066862
4.43496313053
4.2790112879
3.87053561707
3.23183364634
2.85950825192
3.13598138052
4.56268621643
7.12691145693
9.91471878579
12.7774064753
14.2117234342
14.3188852733
13.8633643741
11.5971390542
9.05275670617
6.50314131146
4.23466768244
3.36715081
4.65496074711
7.82700110134
11.9585170877
15.2302869855
15.6709947479
13.700738154
10.4406707404
7.43534009458
5.84720864525
6.91567065075
9.20244733479
12.4441293738
14.4673156315
15.4365887389
14.7814220552
13.4338610389
11.3917024682
8.71450845401
5.94646513108
3.36108050049
1.58475415038
0
0
1.24991391893
2.36860160622
3.65356627486
4.88070617491
5.84438601825
5.98148156691
5.17630677327
3.83527022149
2.65620875816
1.89598372644
1.82855024283
2.39651936825
3.25399502854
4.18123469307
5.33868313315
6.21357913782
7.1209512137
8.2516960958
9.2591531708
9.66414868387
9.19837867088
7.5975590174
4.71752075364
2.26969063847
1.08544113027
2.70160726302
7.29017262831
12.9714461863
17.6907010432
20.5170619338
18.4697503179
14.6443184103
9.41672875664
5.10835362204
2.35514692536
1.09288321102
1.17288599971
2.3687375255
4.30983213865
6.3537878048
7.57246740448
7.86401312716
6.57258920743
4.65520797088
2.71437719851
1.94572066886
2.50617027233
3.93901438542
5.30599905326
6.13287850422
5.762790354
4.91683829673
4.11872747455
4.0732653974
4.81190796154
5.98556338571
7.31195539948
8.09683223709
8.09083955456
7.58256297801
6.67185403144
5.88733959457
5.00151992967
4.49462758971
4.15062171884
4.03246111203
4.09875170988
4.12390845699
4.08289454739
3.93886651609
3.40628062814
2.87599251142
2.29014067945
1.98236131386
1.94629083781
2.30130483991
3.01881427918
4.25872489216
5.80409537784
7.32167635922
8.09468420567
7.74954425997
6.13958482234
4.06562290281
2.44738426765
2.06149235917
3.34734730213
5.32456461013
7.29411914922
8.03322778564
7.00961906763
5.31518563494
4.14378621188
4.09407656133
5.99431714946
8.74946043679
11.0638452513
11.8828628234
10.5696533484
7.9907909304
5.32170728846
3.88427927964
3.99983986476
5.15767903643
6.78978778253
8.2863784587
8.80651647778
8.73552068316
8.31171082066
7.83349246766
7.48262852633
7.18395104618
6.50308903851
5.73148589706
4.8951150942
4.15360622164
3.79887782233
4.12017870723
5.38132748361
6.87145460943
7.87299721758
7.8641490265
6.49310510494
4.87733849711
3.66580126929
4.25977604554
6.90935159973
10.320909491
12.9391806504
14.0072693614
11.9667604803
8.63702040864
5.43816439534
3.88507238563
4.9582686671
7.51443092451
10.3088770989
12.2047490518
12.4957646903
12.4142621068
11.7158918424
12.2738965439
13.9209727299
15.5918191854
16.4915929343
15.7027840801
12.335592515
7.4047944654
2.790028605
0
0
0
2.07534325249
4.38044177656
6.35053197934
7.67698314323
9.06999986476
10.2261077271
11.0250623953
11.4206168891
11.1226211768
9.73288159072
7.62701165613
5.05426080081
2.96407221585
1.99280009508
2.49697628823
4.13855686373
6.39467881388
8.14850301253
9.5691886569
10.4512792598
10.4865067534
10.0144240643
8.78156500398
7.67251266703
6.63373761899
5.89003093065
5.87450896859
6.22964874052
6.45911980902
5.7870979904
4.6993325145
3.3154042048
2.94209267603
4.33860804878
7.84463080259
11.9567115133
14.9386915198
15.6810394564
13.5450560063
9.46224031083
5.62954564198
3.92985101216
5.49855681324
8.71256032531
12.1606219743
14.245706991
13.7529922625
11.2595133997
9.01764703918
7.81088378982
8.63914606657
10.5587923386
12.1171203716
11.8782289176
9.77091109929
6.45775699545
3.40917494125
1.98709339504
2.94988114974
5.51598118765
8.22099911862
10.2488951856
10.5258576096
9.15307182261
7.43670747217
5.94347959746
4.57876227565
3.89904444427
3.67375241811
3.99828201731
4.9866589857
5.95572557396
7.14271179497
7.98585112831
8.46413610225
8.74233547581
9.16630804207
10.1691783811
11.2974926364
12.4726913091
13.0642184533
12.0254121556
8.72280663517
4.87511028593
1.5481825526
0
0
3.47866303208
6.29367595927
8.12415570008
8.13057661791
6.71799747182
5.21102756074
3.88751551332
3.87921068269
4.40714345055
5.33076844017
5.91618279728
6.07384897916
5.91122559003
5.85555448197
6.12716648349
6.87320356821
8.00666772698
9.24727242532
9.99865709634
10.5403795877
10.3781618385
10.178481999
9.93645258128
9.64921630668
9.35615038579
8.58379800429
7.80591057351
7.00974275738
5.80529505676
4.74192587178
4.00637510773
3.38560360257
3.26422080746
3.41525177897
4.1200930024
4.94740170482
6.31199581271
7.34969739169
7.92152150754
8.2834051042
8.41311563558
8.01394966188
7.9296933523
8.00759732313
8.32622437541
8.27006151208
8.04563872956
7.0030602213
6.11605434104
5.7565307208
5.98999069996
7.52005907508
9.48802366372
11.3478362044
12.21280333
11.0135977221
8.84530924287
6.34437605779
3.84408976876
1.99569967217
0
0
0
0
0
1.58487830405
1.9894220457
2.03649678172
1.87930493778
1.77864301237
1.99272642566
2.69319516227
3.45059494054
4.02381839444
3.98709069719
3.08997146002
1.77350372686
0
0
0
1.66088578201
3.03340437805
4.04615420165
4.35729549127
4.29399995552
4.10793701231
4.02665478582
4.35746606127
5.13204041798
5.6484905438
5.88784729443
5.96664844091
5.37396242795
4.72009946992
3.93018969689
3.38127372435
2.92199479693
2.5212683006
1.96940134595
1.40271874684
0
1.09444614138
1.98809654918
3.82872040665
6.33960540099
8.41164573129
9.90984938561
10.5066714214
9.91947365662
8.93089817971
8.10046200596
7.22387305483
7.02563341938
6.50800594348
6.02321118044
5.31945810986
4.42987217548
3.93172614679
3.9451792072
4.70100908238
6.0293005055
7.0955617813
8.00447742604
8.21358491302
7.77603699741
6.89462303223
5.9576285488
5.28099181826
4.69421517508
4.25516126213
4.07961366572
3.94473949219
3.91784766784
3.97884727982
3.93063250032
3.86577795635
3.8422289058
3.90060854304
4.06768285358
4.45261351781
4.96531046492
5.46523902356
5.98312683114
6.45424952433
6.56040471457
6.30535812293
5.91930561529
5.30197622734
4.74056835306
4.06335300836
4.07129733271
4.30567971674
5.08708424689
5.74370944101
5.95543947764
5.59686967994
4.94075464666
4.20731480393
3.93861240041
4.44432027327
5.50844112461
6.69116904944
7.99709357277
8.83532733173
9.91197301705
9.90809363218
9.94053142664
9.59991822808
8.65725253283
7.51667395487
5.99483914882
4.71104459379
3.38634177178
2.40369953868
1.97705066376
2.17695543912
2.87822871733
3.51812956646
3.94648338371
3.99753959338
3.66690058194
3.5163135386
3.97686555175
5.07803205986
6.80826881656
8.61952427364
9.89854071849
10.4043792019
10.1603804241
9.60101500569
8.08314741296
6.37065848646
4.45736864844
2.88912528395
2.01995069435
2.08488238837
2.75514345538
3.43982787608
3.91412502807
3.76086324394
3.21145137002
2.43377656121
1.9764058101
2.12034538107
2.61708803846
3.2754989445
3.99891073164
4.35010633994
4.55742660141
4.46303062752
3.98875907227
3.43795083107
2.94590586205
2.9508203207
3.8540517676
5.9403294348
8.43613983371
10.6089447566
12.0537936453
11.4751903653
9.55266366689
7.43445154352
6.13132587323
5.70795987192
6.48598924505
7.50998483273
8.02183919963
7.85759487596
6.82672076339
5.51852129477
4.04731674904
2.93221438212
2.23283611919
1.84385330226
1.95076547212
2.56491886951
3.44560225036
4.65607231913
5.81957455751
7.04799717442
8.11865637901
8.53996358793
8.08965267829
6.67989581521
4.81129344522
3.04346625724
2.00205029944
2.24514477479
3.44579866583
4.72743857463
5.82526550148
6.12549607083
5.81855485108
5.01377531538
4.03042903336
3.32892033742
2.72138405932
2.26396535343
2.03273407533
1.86077194532
1.89225864941
1.92765802184
1.97286214154
2.0652071315
2.3000710048
2.80664059974
3.92521760391
5.46963137704
7.00253230304
8.36308188458
8.06979518553
6.32908966924
3.57207801856
1.08245002675
0
1.12691857501
3.94760078817
7.10253155966
9.6038912438
10.8658839931
10.4429447849
9.24764818727
8.01335029618
7.49805913119
7.40612487945
7.06216962638
6.04476893506
4.53631234369
2.55417188363
0
0
0
2.36111532048
4.3740594262
5.80484607719
6.40051529694
5.90179435306
5.06900835355
4.12078013631
3.39351834014
2.84367114762
2.38175305048
2.07660649899
1.64767015848
1.34567547491
1.35203518191
1.86132784465
3.16384782046
4.74037147121
6.64644135638
7.78096083657
8.44354348807
8.42880351247
7.69048582454
6.26654061171
4.51187896288
2.61351234627
1.01258300422
0
0
0
2.30262170577
3.77176453918
5.23385644933
6.37904606638
7.18100078264
8.00595714447
8.39265587561
8.24842675712
7.60271080311
6.20778492761
4.14854509723
1.90971074391
0
0
1.57601506176
4.4827153397
7.55845676154
9.97065972784
10.1370308756
8.36360213461
6.21451607323
4.1829575403
3.20393516556
3.07210184968
3.37489879578
3.98800758073
4.20261898069
4.26135921339
4.25331993491
4.08925209379
3.83500629259
3.54403314556
3.58492236964
3.89871493997
4.56410337972
5.36230534758
5.95675303936
5.95524746819
5.27366332912
4.0009255108
2.82430912898
2.02481588471
2.26192343442
3.2191468598
4.58396298073
5.76344224467
6.63125121026
6.70083927439
6.55079760572
6.2356223659
5.24621332888
4.35233347265
3.33402459607
2.17746425762
1.11972284105
0
0
0
0
2.22837349053
3.54886049224
3.96789513579
3.42722978633
1.94376285915
0
0
0
2.85869544558
4.75891889114
6.06856277087
5.31195145995
3.64194591783
1.55231925265
0
0
1.423440748
2.95874617914
3.93225281987
3.70667828506
2.50879557572
1.03737888085
0
0
1.2817620787
2.69687486061
3.87044496384
4.22976179561
3.96536240115
3.16713402139
2.24848989931
1.24783145938
0
0
1.63978115719
3.86871518931
7.06504029235
9.80694907882
11.8075140131
11.7120514913
10.3990039255
8.55638907245
6.38833445596
4.93895469311
4.31275120124
3.99313030504
4.02708295395
3.96586566263
3.98213238839
3.93258482259
3.99700843977
4.09787823864
4.6083682189
5.10514628772
5.81647488435
6.76971799844
7.5999821599
8.01128672545
7.98275627629
7.2081636921
5.81365751964
4.14624851175
2.37739187109
1.02010833555
0
0
0
0
1.50031021334
2.68574769563
3.78573245429
4.61776167614
5.26540238604
5.53843788366
5.95584362781
6.12090228083
6.31813532972
6.55349947353
6.14818938037
5.47881484894
4.42992034547
3.18279439282
2.15840492914
1.55425082326
1.42839408543
2.02602193021
3.48609692818
5.92263595718
8.71239414415
11.1879864289
12.1789807381
11.1094521362
8.59404009906
5.33538915278
2.5011493314
0
0
1.15688080687
1.85416451778
2.3075285573
2.60520332558
2.94692450149
3.65775675766
5.11114975535
6.50558781934
7.96042860636
8.02056678205
7.11317593824
5.0548708322
2.98092925171
1.96791736606
2.91988525198
5.24274719285
7.86220241227
9.73130734745
9.81997777093
8.23409448053
5.92866395899
4.322620794
3.91301151391
4.64547765987
5.63641416135
6.03883554785
5.33821307611
3.70151421334
2.14671201825
1.77815958753
3.36892206994
6.58137942197
9.71389072292
11.8070787924
11.6577332012
9.03764322337
5.76352708303
2.63572095461
0
0
1.05026842896
1.79473296001
2.33411329043
2.49527102189
2.46267848255
2.15282683638
1.69546825668
1.3202268629
1.23096425393
1.69331309771
2.8893655537
4.5965058951
6.57543159954
7.75083348768
8.15240563199
7.65065690127
7.01466299137
6.06095231154
5.80692343441
5.93121236337
6.41959399341
7.45037510118
9.13584961517
10.8197641016
12.1776825718
12.3656773169
10.9270003332
8.62864881548
5.54661713223
2.72980163798
0
0
0
0
0
2.20516223482
3.45173972581
4.05634038414
3.47360715472
2.31617766415
1.4042965592
1.5677045204
3.70287120247
7.28629173439
11.1119152825
13.7403019898
14.1855641719
12.290527503
9.67091713221
6.91939759523
4.74644803121
3.44091900637
2.70733436929
2.19951600312
1.61169211353
0
0
0
0
0
1.35565925429
1.92240151862
2.07807235898
1.92615630444
1.74032871064
1.83382221731
2.51471470987
3.5940791615
4.72535075706
5.78921882715
6.14657604677
6.13685922101
5.55949731623
4.45831258725
3.08799608351
1.71274395099
0
0
0
1.37052227917
2.62199200226
3.77147397009
4.14555331464
4.00819069721
3.37405281436
2.39937168701
1.33180910445
0
0
0
0
1.8173655243
3.16412126254
3.87248438627
3.82963834174
2.80777800119
1.46415957822
0
0
0
0
1.52559995346
2.83285729273
4.18180810681
5.23884263828
5.94957637625
5.80724965027
5.22909957144
4.02738040925
2.56542305082
1.02676790384
0
0
0
1.42761625557
4.48426985036
7.46602371894
9.69171204322
9.95267172849
8.61586526205
6.25550447622
4.34413004206
3.82607930763
4.56174320084
5.81295353525
7.61473888174
8.54215006593
9.18273233426
9.21178579469
8.33254797428
7.2438553792
5.6011684418
3.88919663644
2.38135751632
1.57678725797
1.35892110685
1.53410378958
1.82450910973
2.21176738065
2.34877779768
2.38587063636
2.13143182297
1.63378377352
0
0
0
0
0
1.50365568085
1.91971530604
1.91666203864
1.4511427952
1.15655914425
1.55798892539
3.06900514825
5.533571891
7.80034355437
9.61952588584
10.0408249663
8.94942056753
6.88457991221
4.66182228424
3.07399661798
2.24435393359
1.86017094279
1.92360164839
2.25532304089
2.72005337021
3.28027867764
3.85279126803
4.27547158757
4.43616184903
4.5608261189
4.28855419628
3.63960222853
2.75158733952
2.08304627484
1.85610439768
2.42413300226
3.65602355682
4.88147752927
5.9295775247
5.82332119605
5.16141939166
3.92699235332
2.5677511048
1.35368358897
0
0
0
0
0
1.31284259211
1.81896488205
2.15667055529
2.18246724202
2.1264337767
1.97303127108
2.05216753797
2.17162691766
2.21640154524
2.13993480036
1.78666953394
1.16063772065
0
0
0
0
0
1.65006093408
2.50224020796
3.30506481107
3.94566474601
4.14497402466
3.63367162187
2.77491037705
1.58822640451
0
0
0
0
0
0
1.75742069404
2.93036302
3.79385900568
3.98682791152
3.61328419792
2.84182926467
2.24826628343
1.87854475851
1.88089038537
2.03903703662
2.1233438135
1.75215421654
1.15962747576
0
0
0
0
1.39004330084
1.93854281783
1.92836293515
1.42653570495
0
0
0
0
0
1.63337670673
2.36446477607
2.94532100821
3.42919408527
3.8451622026
4.19503740634
4.56607111285
4.55921848222
4.29675997645
3.46916886877
2.29189765469
1.11151872387
0
0
0
1.15126909861
1.84769460283
2.03467671068
1.74111855934
1.1264517517
0
0
0
0
0
0
2.51329797202
4.29850499114
5.60868490848
6.01001830797
5.11078737744
3.87406845587
2.52439171893
1.61708937157
1.37192714034
1.50283610338
1.8012052474
2.10362398952
2.29762399047
2.25602929499
2.13396288031
1.84283067197
1.38240541269
0
0
0
0
0
0
0
1.9032027476
3.21795498249
3.98938169289
3.81296489103
2.61517155983
1.21056085207
0
0
1.17066731327
2.56500026552
3.71884592908
4.03473858477
3.27806222193
1.97443615615
0
0
0
0
0
0
1.51782296349
2.61026947426
3.57461346821
4.30147869971
4.64188773877
4.5813581951
4.18584650271
3.72555010955
3.05852933715
2.51697064695
2.12405934432
1.98344366467
2.31785285346
2.90116818588
3.5644698373
4.3181757583
5.10818812441
5.46855733605
5.90563895258
6.11477027213
5.91534550761
5.28338215262
4.49177215628
3.50317565334
2.25129209666
1.06683088691
0
0
0
0
1.68554027856
2.18671861351
2.41463869838
2.46548771723
2.16004674338
1.79105569383
1.32855713031
0
0
0
0
0
0
0
1.52233915049
2.77088700068
3.64769103016
4.11391180263
3.74203975455
3.10706052839
2.3723842559
1.74633793554
1.42677072366
1.43223707871
1.68234662241
2.26226907327
3.10575657797
3.77623217307
4.10457992758
3.77525462047
2.89100966777
1.61836802028
0
0
0
0
0
0
0
0
0
0
0
1.42690152634
1.91857286829
1.98573904159
1.54989972759
0
0
0
0
0
0
0
0
0
0
0
0
0
1.54428800092
2.38340052074
3.16029521268
3.9185918899
4.08295239637
3.74087659285
2.84341394023
1.65818005847
0
0
0
0
0
0
0
0
0
0
0
0
0
0
0
0
1.56513346971
2.33990779812
3.05992029672
3.73279700982
3.97169979071
3.90353656235
3.35997294206
2.62985844875
2.09869715342
2.04653367212
2.49258392061
3.25173269014
3.90192163527
3.92905522228
3.61654225259
3.04737931138
2.34366252282
1.87197318786
1.62944301375
1.66336361632
1.83282791458
2.12226095598
2.23839302213
2.35326322092
2.24113785629
1.83307260732
1.18319197748
0
0
0
0
1.08940457823
1.70276796844
2.10470221061
2.1276566515
1.98948454525
1.93867249469
2.06498630621
2.61178879624
3.18213211088
3.68598809926
4.05273833479
4.25118377144
4.12885904041
3.95410495742
3.99143799132
4.10059887294
4.12158918559
4.06034492769
3.90459808954
3.41012309376
2.75146360274
2.22103945968
1.96074884675
1.88300360178
2.04600988021
2.08618093626
1.91403102124
1.51548626813
0
0
0
0
0
0
0
1.2331800847
2.3377990624
3.38466982198
4.22180437412
4.69811587211
4.79402291725
4.47075881169
3.77435666889
2.81817949731
1.69531092837
0
0
0
0
0
0
2.34134198741
4.29566045217
5.61271753627
5.82968440081
4.73824546236
2.97083214855
1.05062146594
0
0
0
0
0
0
1.33423445389
1.76492929044
2.12723726167
2.254103046
2.30700711925
2.14891762067
1.89041076263
1.47440715643
0
0
0
0
0
0
0
1.51328558276
2.88122424281
3.82078966026
3.90958000336
3.24485649121
1.99788157599
0
0
0
0
0
0
0
0
0
0
0
0
0
0
0
0
0
0
0
0
0
0
0
0
0
0
0
0
0
0
0
0
0
0
0
1.35955232834
1.82932933673
2.00452126627
1.69467840832
1.08786409862
0
0
0
0
0
0
0
1.40278232215
1.87215665408
2.00242959434
1.66874474279
1.07301468885
0
0
0
0
0
0
0
1.42850582969
1.8592106989
1.96107328581
1.65882093384
1.08832494736
0
0
0
0
0
0
0
1.50382040545
1.96096967819
1.94398035911
1.43347932171
0
0
0
0
1.15817947707
1.73613359694
1.99406641702
1.72755938916
1.07558425189
0
0
0
0
0
0
0
0
0
0
0
1.34160456278
1.86258191806
1.96644538435
1.66444119984
1.03646299445
0
0
0
0
0
0
0
0
0
0
0
1.32675304285
1.87624453307
1.95508719349
1.65467572803
1.05174576287
0
0
0
0
0
0
0
0
0
0
0
0
0
0
0
0
0
0
0
0
0
0
0
0
0
0
0
0
0
0
0
0
0
0
0
0
0
0
1.34269070196
2.61090141173
3.62259846786
3.96700569103
3.30965521036
2.17919977738
0
0
0
0
0
0
0
0
0
0
0
0
0
0
0
0
0
0
0
0
0
0
0
0
0
0
0
0
0
0
0
0
0
0
0
0
0
0
0
0
0
0
0
1.28167543996
1.85836315434
1.97629344407
1.69408954658
1.10985068485
0
0
0
0
0
0
0
0
0
0
0
0
0
0
0
0
0
0
0
0
0
0
0
0
0
0
0
0
0
0
0
0
0
0
0
0
0
0
0
0
0
0
0
0
0
0
0
0
0
0
0
1.35560910683
1.89843301271
1.96998430043
1.53506473655
0
0
0
0
1.02531928567
1.66709905416
1.98877140044
1.78925043048
1.21568725889
0
0
0
0
0
0
0
0
0
0
0
0
0
0
0
0
0
0
0
0
0
0
0
0
0
0
0
1.27062388716
1.76798844345
1.96849697843
1.75678991034
1.16441038055
0
0
0
0
0
0
0
0
0
0
0
0
0
0
0
0
0
0
0
0
0
0
0
0
0
0
0
0
0
0
1.13755222951
2.44403332378
3.56768780927
4.02838836044
3.52404354004
2.31621609377
1.01948953191
0
0
0
0
0
0
0
0
0
0
0
0
0
0
0
0
0
0
0
0
0
0
0
0
0
0
0
0
0
0
0
0
0
0
0
0
0
0
0
0
0
0
0
0
0
0
0
0
0
0
0
0
0
0
0
0
0
0
0
0
0
0
0
0
0
0
0
0
0
0
0
0
0
0
0
0
0
0
0
0
0
