106.884321773
110.376980539
112.595381713
109.959984874
110.585187441
104.976802307
104.243253215
104.543291532
107.945546856
112.452200882
118.814903399
122.981500833
123.924818767
117.572256598
111.90788864
107.305330733
102.813034083
103.379353936
105.386014126
109.628996434
113.222673398
107.222925153
99.4934024133
93.2894983469
88.3825858628
89.7572910693
91.3317806285
93.3552550601
100.058193335
100.788612805
103.378156792
106.497631945
109.984134769
110.574623823
107.277281305
105.99130956
107.404395014
104.702165842
100.175812462
96.9922725104
95.505280871
91.1055181627
89.1816521681
88.7105681841
90.3411255629
89.916604105
91.7674310578
92.1677738666
89.1132514794
87.0785640381
85.358102147
84.0218040174
84.5558815254
85.4995572685
91.3793476541
98.7090662776
99.0373774629
102.146284235
102.952378044
100.743961951
100.407657392
102.680134973
103.388399018
106.472412785
109.432900905
106.620976385
103.360612379
102.09135506
96.2167355465
86.5801144062
81.210940087
74.4474256118
70.6437450636
68.1019114116
68.715217072
73.3954630632
77.7603985817
80.1327683486
85.6926336401
88.935377548
86.7751550792
85.2009306572
82.620409336
80.0107443556
77.2558971069
81.4124088844
87.547203023
89.8174597577
92.3998479575
89.0534191487
85.3283382324
80.6345715351
73.1821860071
72.7604987063
71.6297648022
74.8193064095
76.7685771107
78.6006909533
81.0740878728
82.3330355377
83.5230292573
87.6312369864
91.445023007
94.122048536
96.8040459379
95.4619543014
98.1390520359
98.290631878
98.2803002052
96.5171225061
96.7897876066
95.7455380067
96.0861534286
94.6150673762
92.1476209539
90.5708883508
87.0297454547
82.817679869
83.2074395453
80.5461450561
83.1521136166
90.4140555044
94.049151564
102.171823263
106.527600713
108.440635991
106.014984038
103.372760685
99.7004233029
95.8731689418
98.7431409102
98.7949464389
98.0145185567
101.716838734
102.65140296
101.769528662
96.7878861
89.4727905213
81.0664781196
72.5024123999
68.042801302
66.9062496458
73.4046546721
78.9100537773
87.1158417868
93.6868862498
97.582640019
101.194561428
102.402888404
100.449199977
96.6599050268
91.9359739408
89.5481310289
88.1931036219
88.1120843828
86.5567469563
87.8404879717
90.4844227274
91.6352895328
91.1068203409
93.4119176008
95.9027424768
96.2030041771
95.746578501
96.2786265025
98.050820469
96.0266059695
95.7559719577
96.8301154136
98.1678979249
103.031782889
106.359966933
107.371310871
103.26868224
100.049844561
96.5357172727
90.3980710734
86.6576966208
86.0847991514
87.7839165668
87.0311310834
91.3065275425
93.1639295776
96.0971318105
92.0673946033
88.2676465104
78.0188974852
72.8822696288
68.3745080085
70.5439570419
76.6274763293
85.1091447409
89.1600442575
90.8850038073
89.3040529183
83.6566951057
80.9190754688
82.1573716032
83.8721559932
86.854791753
94.7876793693
99.7451115129
105.334568653
114.14997023
119.554205727
125.688011414
129.104933333
133.41715135
133.62942923
133.087016977
130.960230691
129.091049874
124.09262874
125.558808196
122.43289895
123.424909723
120.83250697
120.224568549
116.415241217
112.799479302
110.870824869
113.941536706
120.517491256
124.602116685
127.665026666
121.555317633
113.696643033
104.590232517
97.5699437169
95.5502469694
100.795917038
101.788331854
106.466676492
106.536328502
107.130116836
102.662935957
101.151207102
103.452269777
106.098900672
108.521318177
108.893591313
112.078977679
111.23650443
106.902164761
101.695104704
98.8072591668
94.9764460332
92.0584585619
92.6151555388
91.1215342188
89.8433091827
89.1406404759
89.401149274
94.0655392408
93.0249657143
93.8325542222
92.7390307334
90.3943259496
87.7693974293
82.5523522371
81.6712818293
83.3035436475
84.8714314194
89.3053007883
91.3422347362
92.6100942531
91.4405624167
91.3367261181
90.4564180624
89.1165165375
89.3692983431
88.5664718153
87.1717714565
87.1259080322
87.1195036672
86.4892213693
85.4306306783
84.1733879332
85.9197484279
86.2925489087
85.2777131072
83.8429482748
83.6126412616
80.5843286734
77.806373429
76.0596465973
75.0005747331
75.5124278196
74.5044143995
72.5526693579
71.9015798368
73.3914636587
73.240953271
76.132560088
78.9717767554
80.0180593363
81.8901068474
82.2233196746
82.6293461596
83.1750640038
83.0602893637
85.0436277347
86.6672985075
87.8181750975
89.225312069
92.2847012602
95.3869302803
93.3268803443
93.1011678966
90.7903683203
83.3841989651
74.2170159987
68.526736267
64.1324448629
64.2217226195
62.4967289957
65.3174024643
64.8748596174
68.2074207917
67.9892278329
68.4201967645
72.1748449038
72.4380143827
74.9698734233
74.6684663318
71.2179792554
65.0090795533
60.0273699364
56.9680036226
57.8756052981
63.6320533532
68.7241456543
71.4462542745
69.860892906
66.0331007943
62.5458947878
58.1642969956
55.7623776673
58.74269764
62.5936387158
66.4870406346
69.7619368931
73.9013610612
75.5315636653
76.4851223732
73.4663868715
69.7671566407
68.9664152667
66.6266823276
67.299629649
68.7336005091
70.946455701
74.1391988834
77.3196926432
79.5587314168
76.9455057874
76.8755780738
74.501457958
67.3000667484
64.3970263927
59.0606064889
56.6458909252
54.1344406895
53.752606318
52.5927918995
51.1321852509
48.8404981428
47.4707621471
46.6881834968
46.2038195201
47.4144825799
51.7186221538
52.3808516772
55.2043025882
57.3955510488
58.1517229438
57.0781003425
54.8344129213
51.1733644794
47.641113258
45.7160129054
47.519553211
48.4144914948
51.805383839
56.1506639297
56.9331569314
58.6421809765
58.331916293
57.0126981215
56.2229654038
55.4717934232
54.6916684896
54.2623915583
55.1372163249
55.9872398308
56.608744489
55.3622550115
52.0644502558
48.5690627608
46.1605907552
43.8139892516
42.244224104
45.191985744
45.8195654904
48.2308628821
47.8333145246
46.8123984608
45.0974899656
44.0682493879
44.0056126992
44.242413278
46.8445374042
47.0534883186
48.0327691598
49.5321383108
49.0499319377
49.1280832683
46.7109543717
44.8658913756
43.8797018915
45.6346879438
48.2948088021
51.5232508039
55.6875558777
60.8413033186
59.3660669326
58.0921164413
53.7454959355
52.7972359581
54.3066755185
57.9563533551
60.804519041
63.1917326191
63.3919734115
59.2274446766
55.8820869811
50.7457510391
47.8002887492
47.8978970961
49.0191918172
50.7876715932
50.9150557232
49.6312492679
48.4937995285
48.9762689964
48.1648300683
47.6077006634
46.9732539368
46.739099717
46.3308185393
46.0686686
47.6212456026
49.6368634992
53.1339041937
59.6446220454
64.9436968984
68.0619878889
68.9451529973
65.8939322336
60.8432712576
57.357337951
52.2602705414
46.4765075818
42.164580293
41.2007427377
42.970714826
48.4387238883
53.81324814
59.2824836885
59.6504234816
58.5065909712
54.8913598568
52.54562204
50.5348271441
51.5272756103
51.5479619855
50.4027107965
50.2090460457
45.9510692907
42.9826323539
39.8242916276
36.5880086493
35.5042715358
34.5530285824
36.0164702119
38.5105274423
42.1007345706
44.3321283808
47.4280855249
51.659692166
52.7671454563
54.494175004
56.0277585491
54.5628679634
53.1505513715
53.369876068
50.1803219649
48.2195442434
47.5639746116
47.8525134636
49.4109473907
53.6347534441
58.6068419506
63.4619240869
68.1912821931
65.2393327852
59.2302260398
53.0976514151
48.6973651091
46.8725163302
49.645688712
54.0200421903
57.744877565
63.317546133
64.8743042447
64.0501325391
65.60312038
62.6057829468
61.0353253142
57.7504005726
56.0453291455
55.210571471
53.5734416309
54.7291101652
56.069620858
56.7808928109
59.1089610793
59.671166765
61.9042757127
61.7653578758
62.6152045338
59.9806431728
58.1691100524
54.6464455482
53.2263829533
49.2916661088
48.0856318432
46.5530741754
44.3658110764
44.0733681405
43.734749755
43.8143271224
44.7703731653
46.2687005487
47.8771881242
50.5975020419
51.787173783
53.3584225905
52.8429652191
53.3631212922
54.9816343948
53.208428598
55.4903814428
58.4888082625
60.2976037128
63.266124968
65.1713323464
67.6443099287
66.474848175
62.5706507192
57.4103924351
52.9633482913
46.0352347722
42.0426655292
40.376557955
42.1510696279
48.3725819529
56.5468166814
64.4937994301
68.845710099
71.328498897
72.3651643586
68.9648270066
65.1937536237
61.8069641132
58.1282715542
54.5162915061
54.7298027476
58.0405604929
61.6717986545
66.4918045047
71.9639129975
73.6565275712
74.6435850959
74.9565184952
73.5612833708
71.5513462485
69.0609419231
68.2516098208
69.1011790672
67.3051195751
68.6794993189
69.6560099662
65.5536282565
62.9928029795
61.357692557
59.7698162018
61.4828254578
64.4642705372
70.4862033904
73.1529665046
77.8100233937
78.6953081924
76.203361489
74.37123395
73.4871677659
71.0890925809
69.2526397879
69.584880056
71.7890378735
76.2354699022
81.4912914737
85.2964367951
88.2231786795
86.66255758
81.5879905256
77.2285953116
71.1935160211
66.7109156938
63.4058585691
63.9395298442
68.2334885045
75.2926747196
84.2905429231
92.4157122574
97.1572206473
95.4232196851
88.7466158474
83.8556196585
76.6480745382
73.448624737
68.8353454875
67.0250156143
67.3073131749
69.2935417792
75.3294642191
76.8016247204
79.6075752627
79.9303469821
80.1691158405
78.9906038559
79.8402829244
81.1971384426
88.1302557252
91.2816314085
97.4716451634
101.606430772
100.474346746
93.7922243198
77.9171291188
57.9194136367
34.5713909366
13.9143950463
1.91985505737
0
0
4.46673130594
6.75623352552
6.25646422826
4.36562910054
2.53230934655
1.87992689542
2.77054519626
4.39918348051
5.79964821108
5.93407007423
5.14803035901
3.93338942327
3.04156929517
3.26368774635
4.71285636209
6.30870161719
7.79488104481
7.95955341527
6.87683248745
5.14823410098
3.51068666708
2.69886238549
2.73970051269
3.35554151912
4.39143674576
5.61794785314
6.62935720166
7.46414369126
7.80546671284
7.9206168954
7.85204078856
7.27192136357
6.48111745123
5.43690567727
4.06238864007
2.93112751477
2.22065627216
1.9973925251
2.37600133656
3.10619463403
3.69838214569
4.18939061963
4.10376459524
3.68051029754
3.21518493107
2.72143323715
2.41042515604
2.09191501247
2.01886570797
2.02065062611
2.21752828309
2.37363579659
2.20472115263
1.67660294849
0
0
0
0
2.15367213231
4.07593289341
5.52399256875
6.02147237619
5.28332510027
4.15771574578
3.15733988526
3.09447128826
3.85355003012
4.97055654726
5.72012395053
5.84759853541
5.32717643034
4.46387202416
4.03330655772
4.25112427304
5.48278375407
6.71438300853
7.84085750432
7.85304561184
7.00062345723
5.49048242424
4.38026574774
3.94456533233
4.32939036822
5.02452945266
5.7046589136
6.0315001114
5.77742907036
5.06948231804
4.30597310418
3.77034780829
3.65553962635
3.41363594561
3.29154179883
2.75862269097
1.94432203492
1.21808636171
0
1.23296156758
2.29351308318
3.58069563221
4.6992859535
5.04446378547
4.96948756651
4.34423622918
3.51688308586
2.71544836963
2.10957925222
1.78228897426
1.80424134258
2.22402908531
2.82437053177
3.45482137813
3.89019491646
3.94770663003
3.43641986669
2.76009140322
2.17781932989
1.98904856805
2.1470915866
2.38353966614
2.30395230005
1.5484517504
0
0
1.11131317624
5.04978632218
11.5104839729
17.9165359357
22.3777065322
22.3786176557
18.3907777469
11.5537436469
5.0003603348
0
0
0
1.2148299758
2.37864650623
2.81782491242
2.88926277444
2.83934413306
3.15995447846
3.81550290097
4.44728975887
4.95589960348
4.7864884373
4.06754107656
3.20102528521
2.29079709302
1.92387641052
2.02918958185
2.45101238867
2.89928920417
3.0143450497
2.70163461512
2.26370875617
1.97477776288
2.13573054306
2.6226469274
3.57978932499
4.45082209169
5.42544624971
5.98294850865
6.29825688979
6.25632936308
5.68004438371
4.81819633704
3.90577892277
3.16426795478
3.05189164338
3.475136454
4.30576320167
4.88044544857
5.03120836164
4.48339163264
3.88672724575
3.27097185279
2.96128877773
3.07216192192
3.08730241392
2.72761454896
1.35363388737
0
0
1.31812063616
8.18393814575
18.3047775441
23.9664869056
18.6074161145
0
0
0
0
42.4522080263
190.063580681
364.919174663
537.364785597
640.470945182
696.483608219
667.820511727
622.175220485
500.999870736
347.704805049
192.660597154
62.5457190967
0
0
0
0
9.62527717048
17.4093362226
14.9119775641
8.29599908618
2.25410064532
0
0
1.18834887833
2.3296566614
2.55807882675
2.17828259046
1.48628986894
0
0
0
0
0
0
0
0
0
0
0
0
0
0
1.1314924156
1.75866555513
2.10207664509
2.05969204858
1.76560342713
1.33189919189
0
0
0
0
0
0
1.40724361087
1.85960748388
1.93621523762
1.51571528939
0
0
0
0
0
0
1.03059439385
0
0
0
0
0
0
0
0
0
0
0
1.03505344873
1.06005582816
0
0
1.0325853486
1.18086319375
1.42320149456
1.72934729786
2.1092800805
2.51762982007
2.89628748328
3.05132999646
2.97829161037
2.51392555983
1.97936280547
1.38598445478
0
0
0
0
0
0
0
0
0
1.09033587424
2.10811648407
2.81360510764
2.98568373738
2.48801850872
1.53522752354
0
0
0
0
0
0
0
0
1.08903321111
0
0
0
0
0
1.22389422333
2.48421590145
3.51960796053
4.07631840829
3.77740584094
2.78987188355
1.77209236917
0
0
0
0
0
1.01461412986
1.92755030288
2.75626426764
3.0537055594
2.76839308403
2.22608957211
1.50989160745
0
0
0
0
0
0
0
0
0
0
0
0
0
0
0
0
1.06169513625
1.14484924635
1.17079327935
1.08755142517
0
0
0
0
0
0
0
0
0
1.0006368017
1.89322087672
2.73146236661
3.01939617459
2.77461575023
2.23383200826
1.48519251832
0
0
0
0
0
0
0
0
0
0
0
0
0
0
1.33822117237
1.8759995546
1.9605638529
1.67074843247
1.07017900115
0
0
0
0
0
0
0
0
0
1.00810271227
0
0
0
0
0
0
0
0
0
0
0
1.04063854116
1.18817990366
1.22338974639
1.15585876303
0
0
0
0
0
0
0
0
1.00507328177
0
0
0
0
0
0
0
0
0
0
0
1.01678220453
0
0
0
0
0
0
0
0
0
1.39556933929
1.88994024079
1.99838357626
1.56441999116
0
0
0
0
0
0
1.01837876764
0
0
0
0
0
0
0
1.11317098851
1.87867899386
2.53620751403
3.03986948678
2.99946839469
2.39520533347
1.61583462302
1.03698027238
1.06009045327
1.82294087166
2.86820300727
3.71782691709
3.99589986869
3.24492799585
2.04582138533
0
0
0
0
0
1.08065143116
1.26680904079
1.30944940349
1.15954143026
0
0
0
0
0
0
0
0
0
0
1.31079759091
1.8429652282
2.0072313668
1.73517132342
1.14285185546
0
0
0
0
0
0
0
0
0
0
0
0
0
0
0
0
0
0
0
0
0
1.00008795934
0
0
0
0
0
0
0
1.02407796704
1.13609806932
1.15737513613
1.05332285754
0
0
0
0
1.0095424386
1.09778137166
1.16727817274
1.13953008266
0
0
0
0
0
0
0
0
1.01839266183
0
0
0
0
0
0
0
0
0
0
0
0
0
0
0
0
0
0
0
0
0
1.24580850721
1.77445756818
2.01482442822
1.72022398531
1.12362957896
0
0
0
0
0
0
0
0
0
0
0
0
0
0
0
0
0
0
0
0
0
0
1.01126863735
0
0
1.01225644236
1.30382309198
1.66146247619
1.94078273451
1.9619748435
1.65950684726
1.08991483359
0
0
0
0
0
0
0
0
0
1.00667411363
0
0
0
0
0
0
0
1.00796330556
0
0
0
0
0
0
0
0
0
0
0
1.00046064303
0
0
0
0
0
0
0
1.01380947421
0
0
0
0
0
0
0
0
0
1.10296807216
1.69305979482
1.96893634358
2.07177998183
1.8180659428
1.41004057803
0
0
0
0
0
0
0
0
0
0
0
0
0
0
0
0
0
0
0
0
0
0
0
0
1.01873120302
1.49430475191
1.89066713259
2.10134857874
1.99745246577
1.51746627332
0
0
0
0
0
1.48884469035
1.98853625938
2.13053704278
1.96902272735
1.51878419075
1.00745616536
0
0
0
0
0
1.63934357358
2.52975625391
3.02612461725
2.91554744329
2.33838674861
1.61878312414
1.00149847004
0
0
0
0
1.34335392412
1.70792829135
1.90172073634
2.00351029967
1.84894771717
1.54700697681
1.20474303524
1.01905904442
0
1.01824022577
1.0869709095
1.01366795423
0
0
0
0
0
0
0
1.01933363888
0
0
0
0
0
0
1.59296256582
1.9681431519
1.9105724998
1.55829976137
1.18269564434
1.01280864301
1.15406632916
1.54873023143
1.93827320469
2.03489883274
1.67835715215
1.03035372574
0
0
0
0
0
0
0
0
0
0
0
0
0
0
0
0
0
0
0
0
0
0
0
0
0
0
0
0
0
0
0
0
0
1.02104618133
0
0
0
0
0
0
0
0
0
0
0
0
0
0
0
0
1.40048749678
1.80840903144
2.08337469858
1.9821693981
1.62562345657
1.1088036101
0
0
0
0
0
0
0
0
0
0
0
1.20854550723
1.78866533673
2.00872180758
1.69129672195
1.00470243439
0
0
0
0
1.59217144775
1.97902262922
1.86049835289
1.36061176711
0
0
0
0
0
0
0
0
0
0
0
0
0
0
0
0
0
0
1.14842770027
1.21379038052
1.19866866717
1.00486936897
0
0
0
0
0
0
0
0
0
0
0
0
0
0
0
0
0
0
0
0
0
0
0
0
0
0
0
0
0
0
0
0
1.2879612163
1.61733903984
1.86206230962
1.96604853424
1.92821062315
1.73937970517
1.41157669049
1.04572342996
0
0
0
0
0
0
0
0
1.15167540485
1.2287326297
1.2230913328
1.03145376065
0
0
0
0
0
0
0
0
0
0
0
0
0
0
0
0
0
0
0
0
0
0
0
0
0
0
0
0
0
1.07387805116
1.67596920009
1.98502670311
1.83707866238
1.29578923573
0
0
0
0
0
0
1.71976809989
2.61822713896
3.41217044732
3.90992925968
3.94462358656
3.61063373393
2.89194257147
2.13961062376
1.43984571299
0
0
0
0
0
0
0
0
0
0
1.01382122512
0
0
0
0
0
0
0
0
0
0
0
0
0
0
0
0
1.31028729387
1.65528379167
1.93214900362
2.00053048208
1.90059537272
1.60295851009
1.30089481204
1.02008969862
0
0
1.02266296403
1.01380620858
0
0
0
0
0
0
0
0
0
0
0
0
1.01168916761
0
0
0
1.24767873721
1.63285109941
2.00678956504
2.08059381232
1.65288723557
1.04182030736
0
0
0
0
1.42626343461
1.9118344175
2.04122301472
1.76380732301
1.40227847601
1.06406632629
0
1.10965416222
1.46602017262
1.8788622687
2.34730855676
2.77104560933
2.99571496332
3.00308205213
2.78199495108
2.34432660003
1.73768044537
1.11116159202
0
0
0
0
0
0
0
0
1.30065861935
1.67469274658
1.86880344681
2.02052598601
1.8604129459
1.60522129872
1.29356602773
1.0430016544
0
0
1.0056285403
1.02417191569
0
0
0
0
0
0
0
0
0
0
0
0
0
0
0
0
0
0
0
0
0
0
0
0
0
0
0
0
0
0
0
0
0
0
0
0
0
0
0
0
0
0
0
0
0
0
0
0
1.0624643738
1.12364120277
1.05126682378
1.01526868689
0
0
0
0
1.00211299729
1.00181450029
1.02663213971
1.01451086899
1.00628758888
0
0
0
1.01738922142
1.09542837064
1.08002820547
1.02546027626
0
0
0
0
0
0
0
0
0
0
1.52028213174
1.95521278228
2.04526356641
1.78286550142
1.41371954853
1.08050264933
0
0
0
1.01117087035
0
0
0
0
0
0
0
0
0
0
1.47481673647
1.92421023548
2.01723362629
1.90549272747
1.58759393055
1.15713929776
0
0
0
0
0
0
0
0
1.31089042526
1.69176316514
2.04049974664
2.03416719538
1.74352309423
1.18921481112
0
0
0
0
0
0
1.17503819547
1.30957428468
1.25940029289
1.07669812349
0
0
0
0
0
0
0
0
0
0
0
0
0
0
0
0
0
0
0
0
0
0
0
0
0
0
0
0
0
0
0
0
0
0
0
0
0
0
0
0
0
0
0
0
0
0
1.55318581511
1.93752314667
1.91235757048
1.42395465482
0
0
0
0
0
0
0
0
0
0
0
0
0
0
0
0
0
0
0
0
0
0
0
0
0
0
0
0
0
0
0
0
0
0
0
0
0
0
0
0
0
0
0
0
0
0
0
0
0
0
0
0
0
0
0
0
0
0
0
0
0
0
1.14159542032
1.24750885558
1.20260720101
1.06558847716
0
0
0
0
0
0
0
0
0
0
0
0
0
0
0
0
0
0
1.51788219852
1.94858011605
1.91178390549
1.49390636092
0
0
0
0
0
0
0
0
0
0
0
0
0
0
0
0
0
0
0
0
0
0
0
0
0
0
0
0
0
0
0
0
0
0
0
0
0
0
0
0
0
0
0
0
0
0
0
0
0
0
0
0
0
0
0
0
0
0
0
0
0
0
0
0
0
0
0
0
0
0
0
0
0
0
0
0
0
0
0
0
0
0
0
0
0
0
0
0
0
0
0
0
0
0
0
0
0
0
0
0
0
0
0
0
0
0
0
0
0
0
0
0
0
0
0
0
0
0
0
0
0
0
0
0
0
0
0
0
0
0
0
0
0
0
0
0
0
0
0
0
0
0
0
0
0
0
0
0
0
0
0
0
0
0
0
0
0
0
0
0
0
0
0
0
0
0
0
0
0
0
0
0
0
0
0
0
0
0
0
0
0
0
0
0
0
0
1.08906086829
1.2507367928
1.27251938881
1.15383043125
0
0
0
0
0
0
1.27554261491
1.83538427852
2.05343473892
1.85495154704
1.47300754294
1.09991001762
1.00666938125
1.18475775104
1.55762749666
1.85586620124
2.01992363756
1.87639045042
1.62529146619
1.22255345383
0
0
0
0
0
0
0
0
0
0
0
0
0
0
0
0
0
0
0
0
0
0
0
0
0
0
0
0
0
0
0
0
0
0
0
0
0
0
0
0
0
0
0
0
0
0
0
0
0
0
0
0
0
0
0
0
0
0
0
0
0
0
0
0
0
0
0
0
0
0
0
0
0
0
0
0
0
0
0
0
0
0
0
0
0
0
0
0
0
0
0
0
0
0
0
0
0
0
0
0
0
0
0
0
0
0
0
0
0
0
0
0
1.05728142333
1.0866155274
1.07776371295
1.02193740467
0
1.02157862089
1.08735302924
1.07381517195
0
0
0
0
0
0
0
0
0
0
0
0
0
0
0
0
0
0
0
0
1.05337556136
1.07706812153
1.04327934178
1.00692300351
1.02578391534
1.07258411904
1.11855462685
1.09721205712
0
0
0
0
0
0
0
0
0
0
0
0
0
0
0
0
1.01663259708
0
0
0
0
0
0
0
0
0
0
0
0
0
0
0
0
0
0
0
0
0
0
0
0
0
0
0
0
0
0
0
0
0
0
0
0
0
0
0
0
0
0
0
0
0
0
0
0
0
0
0
1.00682637307
0
0
0
0
0
0
0
0
0
0
0
0
0
0
0
0
0
0
0
0
0
0
0
0
0
0
0
0
0
0
0
0
0
0
0
0
0
0
0
1.01018040199
0
0
0
0
0
0
0
0
0
0
0
0
0
0
0
1.0050889248
0
0
0
0
0
0
0
0
0
0
0
0
0
0
0
0
0
0
0
0
0
0
0
0
0
0
0
0
0
0
0
0
0
0
0
0
0
1.23128650428
1.79007654282
2.02081588037
1.63533063238
0
0
0
0
0
0
1.00240931327
0
0
0
0
0
0
0
1.03858415533
1.20249964567
1.21779377872
1.14389155392
0
0
0
0
0
0
0
0
0
0
0
0
0
0
0
0
0
0
0
0
0
0
0
0
0
0
0
0
1.04030777002
1.16959597291
1.22259405025
1.16465462804
0
0
0
0
0
0
0
0
1.00841538978
0
0
0
0
0
0
0
0
0
0
0
0
0
0
0
0
0
0
0
0
0
0
0
0
0
1.35433138932
1.90207981779
1.95836476151
1.57018426391
0
0
0
0
1.0186641335
1.69766876272
1.98905756983
1.79262407429
1.2205118715
0
0
0
0
0
0
0
0
0
0
0
0
0
0
0
0
0
0
0
0
0
0
0
1.13772154164
1.6602174835
2.04314548574
1.9797522781
1.79350275238
1.37999967144
0
0
0
0
0
0
0
0
0
0
0
0
0
0
0
0
0
0
0
0
0
0
0
0
0
0
0
0
1.0144224194
0
0
0
0
0
0
0
0
0
0
0
0
0
0
0
0
0
0
0
0
0
0
0
0
0
0
0
0
0
0
0
0
0
0
0
0
0
0
0
0
0
0
0
0
0
0
0
0
0
0
1.54361599744
2.00291231848
2.29999000408
2.35680959098
2.33367485855
1.9571359592
1.50758205831
0
0
0
0
0
0
0
0
0
0
0
0
0
0
0
0
0
0
0
0
0
0
0
0
0
0
0
0
0
0
0
0
0
0
0
0
0
0
0
0
0
0
0
0
0
0
0
0
0
0
0
0
0
0
0
0
0
0
0
0
0
0
0
0
0
0
0
0
0
0
0
0
0
0
0
1.18548780467
1.25904694997
1.18765594952
0
0
0
0
0
0
0
0
0
0
0
0
0
0
0
0
0
0
0
0
0
0
0
0
0
0
0
0
0
0
0
0
0
0
0
0
0
0
0
0
0
0
0
0
0
0
0
0
0
0
0
0
0
0
0
0
0
0
0
0
0
0
0
0
0
0
0
0
0
0
0
0
0
0
0
0
1.00017277589
0
0
0
0
0
0
0
0
0
0
0
0
0
0
0
0
0
0
0
1.00412955323
0
0
0
0
0
0
0
0
0
0
0
0
0
0
0
0
0
0
0
0
0
0
0
0
0
0
0
0
0
0
0
0
0
0
0
0
0
1.10602259152
1.68462629353
1.99579178539
1.83961311653
1.31941941929
0
0
0
0
0
0
0
0
0
0
0
0
0
0
0
0
0
0
0
0
0
0
0
0
0
0
0
0
0
0
0
0
0
0
0
0
0
0
0
0
0
0
0
0
0
0
0
0
0
0
0
0
0
0
0
0
0
0
0
0
0
0
0
0
0
0
0
0
0
0
0
0
0
0
0
0
0
0
0
0
0
0
0
0
0
0
0
1.05147414363
1.63804149949
1.97671078826
1.86892441792
1.35694474697
0
0
0
0
0
0
0
0
0
0
0
0
0
1.0056124169
0
0
0
0
0
0
0
0
0
0
0
0
0
0
0
0
0
0
0
0
1.1407890759
1.23332475259
1.21231332065
1.076873218
0
0
0
0
0
0
0
0
0
0
0
0
0
0
0
0
0
0
0
0
0
0
0
0
0
0
0
0
0
0
0
0
0
0
0
0
0
0
0
0
0
0
0
0
0
0
0
0
0
1.01378987106
1.60554003679
1.98473676323
1.90316936237
1.37215275231
0
0
0
0
0
0
0
0
0
0
0
0
0
0
0
0
0
0
0
0
0
0
0
0
0
0
1.09770532272
1.18637074542
1.15155791368
1.05045756912
0
0
0
0
0
0
0
0
0
0
0
1.02120320954
0
0
0
0
0
0
1.51629272058
1.93013623442
1.93545194176
1.44824104758
0
0
0
0
0
0
0
0
0
0
0
0
0
0
0
0
0
0
0
0
0
0
0
0
0
0
0
0
0
0
0
0
0
0
0
0
0
0
0
0
0
0
0
0
0
0
0
0
0
0
0
0
0
0
0
0
0
0
0
0
0
0
0
0
0
0
0
0
0
0
1.12041466828
1.23928016418
1.21168506348
1.07745532747
0
0
0
0
0
0
0
0
0
0
0
0
0
0
0
0
0
0
0
0
0
0
0
0
0
0
0
0
0
0
0
0
0
0
0
0
0
0
0
0
0
0
0
0
0
0
0
0
0
0
0
0
0
0
0
0
0
0
0
0
0
0
0
0
0
0
0
0
0
0
0
0
0
0
0
0
0
0
0
0
0
0
0
0
0
0
0
0
0
0
0
0
0
0
0
0
0
0
0
0
0
0
0
0
0
0
0
0
0
0
0
0
0
0
0
0
0
0
0
0
0
0
0
0
0
0
0
0
0
0
0
0
0
0
0
0
0
0
0
0
0
0
0
0
0
0
0
0
0
0
0
0
0
0
0
0
0
0
0
0
0
0
0
0
0
0
0
0
0
0
0
0
0
0
0
0
0
0
0
0
0
0
0
0
0
0
0
0
0
0
0
0
0
0
0
0
0
0
0
0
0
0
0
0
0
0
0
0
0
0
0
0
0
0
0
0
0
0
0
0
0
0
0
0
0
0
0
0
0
0
0
0
0
0
0
0
0
0
0
0
0
0
0
0
0
0
0
0
0
0
0
0
0
0
0
0
0
0
0
0
0
0
0
0
0
0
0
0
0
0
0
0
0
0
0
0
0
0
0
0
0
0
0
0
0
0
0
0
0
0
0
0
0
0
0
0
0
0
0
0
0
0
0
0
0
0
0
0
0
0
0
0
0
0
0
0
0
0
0
0
0
0
0
0
0
0
0
0
0
0
0
0
0
0
0
0
0
0
0
0
0
0
0
0
0
0
0
0
0
0
0
0
0
0
0
0
0
0
0
0
0
0
0
0
0
0
0
0
0
0
0
0
0
0
0
0
0
0
0
0
0
0
0
0
0
0
0
0
0
0
0
0
0
0
0
0
0
0
0
0
0
0
0
0
0
0
0
0
0
0
0
0
0
0
0
0
0
0
0
0
0
0
0
0
0
0
0
0
0
0
0
0
0
0
0
0
0
0
0
0
0
0
0
0
0
0
0
0
0
0
0
0
0
0
0
0
0
0
0
0
0
0
0
0
0
0
0
0
0
0
0
0
0
0
0
0
0
0
0
0
0
0
0
0
0
0
0
0
0
0
0
0
0
0
0
0
0
0
0
0
0
0
0
0
0
0
0
0
0
0
0
0
0
0
0
0
0
0
0
0
0
0
0
0
0
0
0
0
0
0
0
0
0
0
0
0
0
0
0
0
0
0
0
0
0
0
0
0
0
0
0
0
0
0
0
0
0
0
0
0
0
0
0
0
0
0
0
0
0
0
0
0
0
0
0
0
0
0
0
0
0
0
0
0
1.00496673805
0
0
0
0
0
0
0
0
0
0
0
0
0
0
0
0
0
0
0
0
0
0
0
0
0
0
0
0
0
0
0
0
0
0
0
0
0
0
0
0
0
0
0
0
0
0
0
0
0
0
0
0
0
0
0
0
0
0
0
0
0
0
0
0
0
0
0
0
0
0
0
0
0
0
0
0
0
0
0
0
0
0
0
0
0
0
0
0
0
0
0
0
0
0
0
0
0
0
0
0
0
0
0
0
0
0
0
0
0
0
0
0
0
0
0
0
0
0
0
0
0
0
0
0
0
0
0
0
0
0
0
0
0
0
0
0
0
0
0
0
0
0
0
0
0
0
0
0
0
0
0
0
0
0
0
0
0
0
0
0
0
0
0
0
0
0
0
0
0
0
0
0
0
0
0
0
0
0
0
0
0
0
0
0
0
0
0
0
0
0
0
0
0
0
0
0
0
0
0
0
0
0
0
0
0
0
0
0
0
0
0
0
0
0
0
0
0
0
0
0
0
0
0
0
0
0
0
0
0
0
0
0
0
0
0
0
0
0
0
0
0
0
0
0
0
0
0
0
0
0
0
0
0
0
0
0
0
0
0
0
0
0
0
0
